Gen	theta:1_a1:K_a1	theta:1_b1:K_b1	theta:2_a1:C_a1	theta:2_b1:C_b1	theta:3_a1:L_a1	theta:3_b1:L_b1	theta:4_a1:H_a1	theta:4_b1:H_b1	theta:5_a1:K,C,L,H_a1	theta:5_b1:K,C,L,H_b1	theta:6_a1:K,C,L_a1	theta:6_b1:K,C,L_b1	theta:7_a1:K,C_a1	theta:7_b1:K,C_b1
2	58.1	0.18296	109.4	0.98103	104.2	0.61317	25.9	0.09047	64.7	0.22885	12.3	0.01794	24.2	0.03647
4	60.6	0.22854	115.4	1.17825	107.3	0.79666	27.3	0.09748	66.2	0.22585	13.5	0.02385	19.1	0.00946
6	59.4	0.19110	114.2	1.16359	107.8	0.81581	26.4	0.08912	66.3	0.19342	13.1	0.02517	21.2	0.02741
8	57.7	0.17520	114.1	1.21480	108.6	0.78907	27.4	0.09204	69.6	0.20958	14.0	0.02994	15.7	0.01106
10	56.1	0.14740	118.1	1.31740	110.0	0.81039	26.8	0.08607	65.8	0.21778	14.3	0.02791	16.1	0.00871
12	58.9	0.19750	116.8	1.20459	113.8	0.94501	27.1	0.08209	67.3	0.28134	14.6	0.01807	13.8	0.01415
14	58.0	0.18008	117.3	1.19674	113.3	0.95670	26.1	0.07186	63.1	0.23060	14.8	0.01495	14.0	0.01126
16	60.0	0.20263	118.4	1.26923	109.5	0.87277	25.7	0.08197	65.1	0.18714	13.5	0.00914	14.4	0.01702
18	57.3	0.15410	109.8	0.94108	103.0	0.70476	26.4	0.07473	63.4	0.17169	14.2	0.01580	13.4	0.00539
20	59.8	0.19803	113.5	1.07860	109.5	0.84619	26.1	0.06564	63.1	0.19803	14.3	0.02036	13.1	0.00768
22	58.1	0.16828	113.7	1.02940	109.0	0.77388	25.2	0.05757	60.5	0.16582	13.4	0.02324	12.2	0.00763
24	60.6	0.22961	116.1	1.06012	112.5	0.84070	26.3	0.07429	61.5	0.23050	11.1	0.01027	13.6	0.01335
26	59.2	0.21789	115.0	1.01916	109.8	0.77299	26.7	0.07775	66.1	0.25773	10.7	0.01446	13.2	0.01176
28	59.7	0.21114	114.5	1.02857	111.9	0.84812	26.3	0.07403	66.6	0.25061	13.3	0.02284	11.1	0.01022
30	61.1	0.22305	114.2	0.98752	112.8	0.96564	26.3	0.07382	70.1	0.28976	11.1	0.01617	11.4	0.01117
32	60.8	0.21749	110.9	0.89618	110.3	0.81961	25.4	0.06620	66.5	0.23197	13.3	0.02644	11.0	0.00983
34	58.6	0.19244	116.9	1.09192	114.1	0.92846	26.9	0.07340	61.4	0.21220	12.6	0.02616	16.1	0.01697
36	58.1	0.19805	111.2	0.93359	114.2	0.93043	26.0	0.07180	62.4	0.23145	12.3	0.02492	22.3	0.03498
38	56.8	0.15943	113.6	1.02525	111.4	0.85689	25.5	0.06707	63.3	0.21791	12.5	0.02574	21.8	0.04245
40	56.8	0.16035	112.6	0.90165	106.6	0.80115	24.0	0.06631	60.1	0.15897	14.3	0.02026	17.7	0.02121
42	58.2	0.18391	110.7	0.86225	107.1	0.79099	25.0	0.06205	54.0	0.16870	27.3	0.06225	13.9	0.01477
44	62.8	0.28736	117.6	1.17962	115.2	0.99810	25.8	0.06260	49.7	0.16494	16.5	0.00581	19.4	0.01113
46	58.6	0.22104	108.5	1.00228	111.5	0.94653	24.8	0.05424	48.4	0.14423	27.4	0.02812	25.8	0.04279
48	60.0	0.23306	110.4	1.01762	113.2	0.97911	26.2	0.07288	50.2	0.14701	26.1	0.02521	20.8	0.03016
50	58.3	0.23022	113.2	1.03614	110.5	0.96719	26.5	0.07645	54.3	0.15998	23.0	0.04020	22.0	0.01515
52	59.7	0.22730	111.4	1.08144	112.6	0.98487	26.5	0.07603	54.4	0.14849	21.4	0.05129	29.8	0.05643
54	58.4	0.23297	114.3	1.10717	108.3	0.94139	29.6	0.10742	56.3	0.16604	21.2	0.02692	28.3	0.05693
56	61.8	0.26726	115.6	1.07109	110.0	1.00133	26.0	0.07184	55.8	0.19905	25.9	0.04397	19.5	0.02161
58	59.6	0.20956	117.1	1.16033	111.5	0.91911	26.7	0.07116	55.1	0.18746	16.7	0.01131	16.0	0.00827
60	61.9	0.25435	114.2	1.18905	109.3	0.78309	27.2	0.08999	55.6	0.16820	23.3	0.07240	22.9	0.01550
62	59.5	0.22390	113.6	1.13822	112.8	0.99454	27.5	0.09272	61.5	0.21408	18.9	0.01817	24.5	0.05823
64	57.1	0.16558	109.5	0.95728	113.2	0.89549	27.6	0.09403	52.8	0.16224	22.4	0.02971	26.9	0.08680
66	59.7	0.19627	110.7	1.05842	110.9	0.89773	26.3	0.07404	56.3	0.19376	21.2	0.03799	27.7	0.06596
68	60.1	0.23546	111.9	1.07286	106.9	0.78407	27.4	0.09216	56.0	0.17557	19.5	0.02203	29.1	0.07282
70	60.3	0.23803	111.1	1.07099	107.8	0.87029	28.1	0.10617	53.9	0.15283	20.7	0.01844	27.0	0.03217
72	60.0	0.23317	109.8	1.02496	104.8	0.79289	27.7	0.10198	58.0	0.15096	16.5	0.02342	32.2	0.06388
74	58.4	0.21860	108.3	0.88721	107.2	0.76829	27.9	0.09029	52.6	0.14637	12.9	0.00702	30.7	0.06536
76	61.7	0.28184	116.2	1.21057	108.4	0.75456	30.1	0.11332	54.3	0.20238	17.8	0.03103	29.9	0.04992
78	56.0	0.20334	105.4	0.81420	103.8	0.62804	26.0	0.07179	52.2	0.16635	16.9	0.02554	32.6	0.05062
80	57.7	0.23463	112.4	0.97767	105.9	0.69625	28.2	0.10005	54.0	0.14109	18.8	0.04226	27.9	0.04672
82	58.8	0.24001	111.9	1.10144	110.9	0.81278	27.1	0.08858	55.0	0.14316	19.1	0.04440	25.7	0.02159
84	60.0	0.27782	118.6	1.30788	114.8	0.95441	28.5	0.09563	59.0	0.18357	14.6	0.01796	26.6	0.05666
86	61.1	0.30139	111.6	1.03450	107.6	0.75478	27.1	0.08144	58.4	0.17323	15.5	0.01415	25.8	0.04910
88	60.4	0.28668	110.8	0.97837	107.9	0.81838	25.2	0.06426	57.3	0.19784	23.5	0.06842	26.4	0.02690
90	60.6	0.30522	115.4	1.20681	108.1	0.76906	27.0	0.08106	58.4	0.23208	16.9	0.02137	30.0	0.04305
92	56.8	0.23209	109.6	0.98934	106.9	0.70249	25.2	0.06446	49.3	0.13365	16.1	0.00833	28.2	0.01958
94	57.2	0.21007	108.6	0.89601	106.2	0.78740	25.8	0.06912	56.5	0.15549	14.4	0.01301	27.6	0.04410
96	58.9	0.24280	111.7	1.12112	109.5	0.87369	26.1	0.07223	59.0	0.16875	13.5	0.00912	29.4	0.05250
98	58.6	0.25124	110.1	1.00495	109.9	0.83330	25.8	0.07625	58.9	0.19758	14.6	0.01773	31.2	0.06179
100	59.6	0.27120	108.9	0.96294	109.4	0.84332	26.0	0.07820	61.2	0.20832	15.7	0.03181	30.6	0.04775
102	58.9	0.25701	114.6	1.12046	111.9	0.87451	25.0	0.06891	60.7	0.21528	10.9	0.00635	23.1	0.01656
104	60.7	0.29149	115.8	1.22559	108.3	0.85945	24.9	0.07469	62.3	0.18334	9.3	0.00707	26.8	0.00971
106	56.3	0.20818	114.3	1.13525	111.1	0.90492	26.4	0.08242	61.1	0.19184	8.6	0.00982	29.9	0.03402
108	57.0	0.20631	113.0	1.23104	110.4	0.87714	26.5	0.08291	65.9	0.18717	9.4	0.01505	31.0	0.05203
110	55.7	0.18340	108.5	0.91987	104.5	0.70199	25.2	0.05793	59.1	0.15609	12.9	0.03115	27.0	0.01762
112	57.9	0.20830	109.1	1.02335	109.3	0.92096	26.3	0.08094	65.0	0.16960	14.7	0.04184	31.9	0.06084
114	60.5	0.22608	111.9	1.16020	108.8	0.90269	24.9	0.06776	62.5	0.20224	17.4	0.03358	26.2	0.02595
116	57.5	0.17242	111.7	1.12412	107.1	0.79072	24.7	0.06617	63.2	0.20020	19.5	0.04213	22.4	0.02967
118	60.1	0.20420	113.0	1.20154	106.1	0.78231	26.4	0.08179	64.0	0.18342	18.3	0.02435	23.7	0.05774
120	57.9	0.19356	113.1	1.17732	103.4	0.77203	26.1	0.07887	66.4	0.17836	12.9	0.00692	23.6	0.03843
122	56.5	0.15518	106.3	1.03258	102.2	0.70587	24.3	0.06284	62.9	0.17817	19.6	0.04274	32.0	0.06962
124	56.7	0.18738	105.7	1.03709	103.8	0.78365	23.9	0.05916	57.7	0.16016	23.9	0.02843	32.8	0.06995
126	57.4	0.18459	108.2	1.10032	107.4	0.85442	24.7	0.05952	61.7	0.21928	23.7	0.05172	26.1	0.02492
128	57.4	0.18437	108.5	1.00239	108.0	0.84787	24.6	0.05876	56.8	0.16048	22.4	0.03548	20.7	0.01321
130	59.7	0.19590	109.7	1.10126	108.1	0.96283	26.1	0.07221	59.2	0.20257	25.3	0.02569	20.9	0.01994
132	58.7	0.19407	112.3	1.14501	111.7	1.06553	27.2	0.08333	62.4	0.19974	26.5	0.05565	17.3	0.01430
134	59.7	0.21138	113.9	1.20785	110.7	1.11212	27.4	0.08482	63.4	0.20299	22.5	0.03626	21.9	0.02079
136	63.1	0.27791	110.3	1.09586	112.9	1.13934	27.6	0.07935	57.8	0.16216	25.4	0.03985	24.1	0.04190
138	61.7	0.28192	107.0	1.00411	108.4	0.83616	24.4	0.06359	62.9	0.16172	20.5	0.04416	20.1	0.00970
140	60.2	0.23619	110.6	1.02567	103.9	0.70879	25.9	0.07069	65.4	0.14427	18.3	0.04858	20.9	0.04175
142	60.1	0.20359	107.4	0.99051	103.0	0.68098	25.6	0.06767	63.6	0.12587	28.0	0.11222	13.9	0.01093
144	60.8	0.23231	110.0	1.14335	108.1	0.88126	26.6	0.08400	61.8	0.14264	31.1	0.10089	16.4	0.01444
146	60.9	0.23537	111.5	1.03076	106.4	0.76703	26.3	0.08075	53.6	0.12072	19.6	0.01724	19.7	0.02313
148	61.6	0.26391	115.1	1.16806	112.5	1.01265	27.6	0.10142	50.9	0.13221	24.6	0.03342	24.6	0.03321
150	60.9	0.24987	114.2	1.10267	108.6	0.84359	27.0	0.09486	54.4	0.10708	18.9	0.01305	15.9	0.00773
152	57.9	0.22391	113.6	1.05090	108.3	0.80383	27.5	0.10757	56.5	0.12546	23.2	0.02921	22.0	0.05600
154	61.1	0.26970	117.4	1.14078	106.6	0.66590	28.8	0.11422	54.4	0.13454	18.4	0.03024	14.9	0.00360
156	59.8	0.22922	118.9	1.20191	106.2	0.62429	31.2	0.13412	54.8	0.13988	11.6	0.01499	19.1	0.01455
158	63.4	0.30053	129.0	1.59731	110.8	0.78150	30.6	0.14336	60.6	0.13682	13.8	0.02147	15.1	0.02423
160	56.8	0.18885	118.7	1.28088	106.4	0.57779	29.6	0.13034	61.5	0.10535	13.3	0.01906	15.3	0.02515
162	58.6	0.22177	118.3	1.32634	106.4	0.63148	28.2	0.10745	64.0	0.10158	13.9	0.02192	15.5	0.02648
164	58.4	0.21829	115.0	1.16406	104.2	0.58860	27.0	0.08749	61.2	0.09956	13.3	0.01929	16.1	0.02122
166	58.8	0.24079	112.8	1.08023	104.7	0.57797	27.8	0.10289	62.5	0.10661	12.8	0.02038	16.9	0.02135
168	58.8	0.22566	112.4	1.00827	105.1	0.56522	27.1	0.08851	59.9	0.10872	13.9	0.02596	16.6	0.02833
170	60.1	0.21845	119.2	1.33205	104.2	0.58866	27.8	0.08855	65.9	0.15285	9.7	0.00558	17.5	0.05213
172	59.3	0.20482	118.8	1.40573	105.4	0.62633	27.1	0.08917	68.9	0.15868	15.7	0.03584	16.4	0.03599
174	57.0	0.16322	113.1	1.20364	102.6	0.56498	25.8	0.07604	69.4	0.13351	9.8	0.00596	13.5	0.02390
176	59.6	0.22476	117.4	1.40720	107.0	0.70659	25.6	0.06803	71.8	0.18255	15.0	0.03170	13.4	0.01596
178	60.1	0.23430	120.9	1.64611	108.2	0.72021	26.1	0.07195	70.2	0.20263	16.9	0.02995	13.9	0.01096
180	58.4	0.18800	109.0	1.29740	107.0	0.65321	23.3	0.04852	66.5	0.14744	17.6	0.02048	14.4	0.00925
182	57.1	0.18052	112.5	1.26495	107.6	0.69904	24.4	0.05747	64.3	0.15571	19.7	0.01802	11.3	0.01087
184	59.5	0.20901	111.2	1.18811	106.2	0.73238	26.0	0.07097	65.5	0.19523	25.0	0.02354	8.0	0.00810
186	57.6	0.17343	114.0	1.20999	103.5	0.72374	26.1	0.07223	68.9	0.21252	25.0	0.04282	7.6	0.00720
188	55.1	0.14605	117.7	1.39156	106.3	0.70969	26.8	0.07939	68.2	0.19849	23.5	0.04407	8.0	0.00823
190	55.7	0.15623	118.4	1.38755	109.9	0.77600	26.4	0.08183	68.5	0.20305	19.2	0.03021	8.0	0.00600
192	55.9	0.15920	117.1	1.27732	108.2	0.80075	26.1	0.06524	63.6	0.15840	20.6	0.02889	7.9	0.00557
194	57.6	0.17389	112.2	1.02977	108.4	0.75407	25.5	0.06710	62.3	0.16736	19.6	0.02263	5.1	0.00364
196	58.5	0.19005	115.3	1.14639	105.8	0.71985	26.7	0.07793	64.2	0.18683	20.9	0.02520	5.0	0.00357
198	58.9	0.19723	115.3	1.32285	106.2	0.68063	28.2	0.09298	69.6	0.19099	19.4	0.02657	8.1	0.01088
200	57.4	0.18483	112.7	1.21599	107.8	0.75969	27.3	0.09091	67.2	0.19456	22.6	0.01921	9.2	0.01182
202	58.6	0.20698	112.4	1.20419	105.4	0.70611	26.0	0.07171	66.6	0.21755	24.0	0.01652	9.1	0.01163
204	59.4	0.20669	112.1	1.22198	107.4	0.71831	25.6	0.07398	67.9	0.22690	21.4	0.01734	9.2	0.00930
206	60.6	0.22902	112.3	1.09045	107.5	0.77609	25.2	0.06384	67.4	0.23310	23.5	0.05630	9.0	0.00620
208	58.0	0.22604	112.4	1.12130	108.1	0.74323	24.2	0.05542	69.5	0.22387	18.3	0.02477	9.5	0.00757
210	59.4	0.23642	118.2	1.20150	109.6	0.73824	24.1	0.05455	60.7	0.18423	16.5	0.01471	9.2	0.00662
212	60.7	0.24707	117.6	1.20844	113.1	0.91826	26.5	0.07580	63.9	0.21396	19.0	0.02365	7.0	0.00368
214	59.8	0.21335	108.8	0.87856	106.4	0.68538	24.7	0.05305	61.1	0.17639	20.8	0.02972	6.7	0.00686
216	58.1	0.19678	111.1	0.96043	109.4	0.84424	24.6	0.05883	68.0	0.22758	18.5	0.02577	6.5	0.00453
218	58.8	0.21105	112.6	1.10052	111.0	0.87142	25.9	0.06392	69.3	0.21926	17.7	0.03074	7.7	0.00525
220	58.8	0.22520	114.8	1.18553	107.6	0.78134	24.6	0.05874	68.4	0.20114	19.3	0.02561	7.7	0.00517
222	58.4	0.21852	114.7	1.12467	105.9	0.69507	24.1	0.05488	65.4	0.19329	17.9	0.02215	8.0	0.00370
224	58.7	0.22341	116.2	1.15390	106.1	0.67619	24.4	0.05074	59.1	0.18488	21.2	0.01612	7.5	0.00469
226	57.8	0.20760	113.8	1.17324	105.8	0.66770	26.5	0.06881	63.9	0.21244	20.7	0.01327	9.9	0.01167
228	57.3	0.21307	116.1	1.20592	108.2	0.71783	27.1	0.07531	64.0	0.18341	17.8	0.01698	10.9	0.01545
230	60.0	0.26354	113.1	1.23204	109.5	0.76527	26.9	0.07250	67.2	0.19456	19.5	0.01681	11.7	0.01869
232	59.9	0.26116	114.6	1.29459	105.0	0.69220	26.0	0.06452	71.1	0.25748	25.7	0.04192	8.6	0.00988
234	59.5	0.26941	126.0	1.81308	111.3	0.90927	27.2	0.08288	71.6	0.25173	27.6	0.05136	9.4	0.00981
236	58.3	0.24556	117.2	1.34022	112.4	0.92080	26.3	0.06739	68.8	0.24443	26.0	0.04480	8.7	0.01022
238	58.5	0.22047	113.8	1.23227	112.6	0.90002	25.3	0.06491	69.1	0.19748	21.3	0.03908	11.2	0.01655
240	57.6	0.18846	110.0	1.11235	108.8	0.87812	25.1	0.06982	77.6	0.25049	22.6	0.06028	10.0	0.01195
242	54.3	0.17445	110.1	1.09182	105.5	0.65624	25.0	0.06238	72.9	0.20493	17.8	0.01726	17.7	0.06312
244	57.6	0.24762	118.6	1.27901	109.1	0.80471	26.2	0.07371	71.5	0.24816	14.8	0.00295	10.7	0.01754
246	57.5	0.21579	116.8	1.23377	109.6	0.82165	27.0	0.08786	71.0	0.27427	18.1	0.00933	7.9	0.00787
248	58.0	0.22606	115.4	1.20753	109.7	0.77164	27.2	0.08305	70.4	0.26008	15.9	0.01195	13.3	0.02650
250	59.2	0.21682	115.6	1.13027	109.9	0.74942	26.5	0.08335	66.0	0.22182	17.5	0.02444	9.0	0.01117
252	60.5	0.25785	116.1	1.14697	108.5	0.72778	26.1	0.07891	74.3	0.25389	15.1	0.03653	6.7	0.00492
254	60.3	0.23881	115.3	1.08774	105.0	0.69196	26.6	0.09094	75.2	0.27527	14.0	0.02236	8.6	0.00978
256	60.5	0.25857	116.1	1.17738	105.2	0.70089	27.1	0.09576	72.9	0.25968	11.3	0.00776	18.2	0.04288
258	57.2	0.19672	106.5	0.87630	102.5	0.53502	25.0	0.06869	72.8	0.22151	14.7	0.03380	15.9	0.03270
260	58.2	0.22978	110.6	0.99865	108.3	0.75044	26.7	0.08501	73.2	0.26760	15.0	0.03580	20.9	0.05244
262	59.7	0.24149	114.3	1.16731	110.0	0.78164	28.5	0.09578	71.1	0.25901	9.8	0.01129	14.7	0.01424
264	56.0	0.17441	110.7	1.05595	106.8	0.69766	26.1	0.07233	70.4	0.18889	8.5	0.00728	13.8	0.01395
266	56.8	0.17376	110.4	1.04613	106.1	0.73063	27.2	0.08325	68.3	0.18141	10.1	0.00693	14.2	0.01199
268	59.6	0.24083	113.9	1.18027	111.5	0.86172	29.4	0.11383	68.5	0.18661	10.7	0.01169	15.1	0.01219
270	60.0	0.23360	114.5	1.20213	113.5	0.93295	26.4	0.08929	72.1	0.17021	7.8	0.00533	13.9	0.02200
272	59.4	0.22154	117.3	1.31517	109.3	0.81143	26.8	0.09971	75.3	0.20101	7.7	0.00957	14.7	0.01822
274	61.5	0.26206	116.2	1.23939	107.1	0.73533	26.5	0.08977	71.1	0.20403	7.5	0.00465	15.2	0.01686
276	60.7	0.26204	121.5	1.36801	109.7	0.85491	28.6	0.10422	74.2	0.23398	7.7	0.00728	14.0	0.02273
278	57.5	0.18719	113.6	1.11074	105.7	0.63689	26.8	0.08566	69.2	0.19988	7.2	0.00815	14.7	0.01437
280	57.0	0.23662	109.2	0.97292	102.5	0.58549	25.8	0.07594	73.6	0.18199	7.3	0.00632	16.1	0.02127
282	56.6	0.20027	110.3	0.95723	104.8	0.66022	23.8	0.05211	70.2	0.18617	7.6	0.00929	19.7	0.04400
284	60.7	0.27599	118.8	1.31619	114.5	0.94059	26.7	0.07822	70.0	0.23468	7.7	0.00957	16.9	0.01690
286	59.3	0.26530	113.3	1.12696	111.7	0.84122	25.0	0.07583	71.9	0.20209	7.7	0.00966	17.0	0.01721
288	59.8	0.27519	112.1	1.02314	112.7	0.84976	26.4	0.08157	66.6	0.21772	7.3	0.00838	19.0	0.01409
290	58.3	0.23108	114.1	1.07098	110.3	0.87578	27.6	0.10064	69.0	0.19546	7.3	0.00628	19.1	0.02429
292	61.2	0.30341	121.7	1.43819	116.2	1.09397	27.7	0.10223	75.3	0.25849	8.1	0.01060	20.1	0.03104
294	58.8	0.24071	120.3	1.46736	110.4	0.85169	26.1	0.08628	77.4	0.28580	8.1	0.01086	20.5	0.03361
296	58.2	0.22822	115.4	1.23953	108.2	0.77329	24.5	0.07127	73.0	0.20673	7.9	0.00557	21.0	0.04806
298	59.4	0.25135	118.7	1.43071	108.8	0.79410	26.4	0.08870	74.9	0.23058	7.7	0.00741	19.1	0.02425
300	59.0	0.24427	115.9	1.22862	107.2	0.68574	27.9	0.10458	76.1	0.31395	7.6	0.00927	18.3	0.02449
302	58.2	0.22927	117.7	1.24242	106.6	0.69193	26.7	0.09157	79.3	0.35045	7.8	0.00972	16.7	0.02899
304	57.3	0.21152	118.4	1.20797	103.8	0.62894	25.4	0.07958	80.0	0.36737	7.8	0.00979	15.5	0.02632
306	56.4	0.18262	114.2	1.01893	102.2	0.57816	27.4	0.09905	73.8	0.31796	7.2	0.00618	18.4	0.03485
308	58.1	0.21233	115.7	1.13405	105.1	0.58923	26.9	0.08676	74.2	0.28969	7.6	0.00929	12.8	0.01697
310	59.0	0.22876	113.0	1.03066	103.3	0.55857	26.2	0.07993	73.0	0.28243	8.2	0.00404	12.7	0.01987
312	54.5	0.16370	106.4	0.87502	99.9	0.42898	24.4	0.06979	68.2	0.21474	6.9	0.00545	22.4	0.04159
314	56.9	0.22045	113.3	1.01171	100.4	0.44629	25.3	0.07149	63.5	0.22101	7.6	0.00275	18.8	0.01794
316	62.4	0.31157	120.3	1.25712	107.6	0.67045	25.6	0.07398	69.4	0.32821	11.8	0.02222	19.3	0.02548
318	58.3	0.24649	113.0	1.11633	107.8	0.65208	26.1	0.07949	71.0	0.29116	12.2	0.02406	26.2	0.07356
320	56.9	0.23435	111.4	1.08158	102.6	0.56396	26.3	0.08136	67.2	0.22934	11.9	0.01650	19.8	0.00306
322	58.1	0.24229	112.4	1.20519	103.4	0.61604	26.7	0.08443	71.0	0.25613	7.8	0.00110	26.2	0.05303
324	58.4	0.24776	110.7	1.08641	101.4	0.60328	25.1	0.06327	70.6	0.22982	7.9	0.00118	20.6	0.02307
326	57.1	0.19476	112.4	1.17930	103.3	0.61241	25.3	0.06538	62.1	0.19522	10.4	0.00488	24.5	0.02586
328	59.6	0.24082	116.1	1.38164	110.0	0.78106	24.2	0.06214	65.4	0.24285	10.1	0.00674	26.9	0.03773
330	58.0	0.20985	117.2	1.37062	108.3	0.75155	27.5	0.08558	65.7	0.24979	11.7	0.00584	25.1	0.05008
332	58.2	0.19927	114.1	1.27270	104.6	0.67830	25.2	0.06447	66.4	0.22962	9.4	0.00746	24.7	0.02750
334	57.4	0.17066	111.4	1.08335	105.4	0.68027	23.9	0.05340	64.4	0.22306	9.3	0.00708	26.3	0.06081
336	55.5	0.15299	108.8	1.15200	103.1	0.63233	23.5	0.05004	61.8	0.23634	10.8	0.00602	34.2	0.05812
338	57.3	0.16867	108.7	1.03943	103.1	0.63096	23.8	0.05228	60.6	0.18326	10.1	0.00687	27.3	0.04108
340	55.5	0.13843	105.5	1.00066	103.1	0.63224	23.4	0.05484	63.1	0.18107	18.3	0.04838	32.2	0.08018
342	56.8	0.17492	107.2	1.06565	104.3	0.59177	23.3	0.04811	57.0	0.17787	18.2	0.03366	28.9	0.04036
344	56.0	0.17426	109.4	1.09116	104.4	0.59369	25.0	0.05627	54.1	0.16989	22.4	0.05864	28.1	0.03359
346	56.4	0.16675	112.0	1.19215	107.8	0.70547	26.1	0.07202	55.4	0.23429	25.3	0.05230	29.8	0.06399
348	58.9	0.21134	115.9	1.22878	108.7	0.73597	25.5	0.06677	50.9	0.18359	25.7	0.04867	22.5	0.02472
350	58.7	0.23750	108.3	0.94109	106.2	0.70566	26.0	0.06484	50.0	0.19493	29.4	0.04516	23.2	0.02954
352	59.0	0.22930	108.3	0.91352	106.6	0.72069	27.2	0.08326	56.1	0.20504	31.6	0.10620	22.9	0.04513
354	54.6	0.16483	103.5	0.80232	102.8	0.64628	24.4	0.05725	50.0	0.16892	34.0	0.09111	27.5	0.05020
356	56.4	0.19536	101.6	0.71148	101.8	0.59042	25.7	0.06893	53.0	0.20624	35.1	0.08642	26.0	0.07117
358	57.8	0.20744	107.9	0.95315	103.2	0.55767	24.4	0.05752	53.6	0.20288	31.3	0.09494	23.5	0.03780
360	58.0	0.21100	107.9	0.97993	106.5	0.63614	26.7	0.07149	56.0	0.24643	20.8	0.02473	32.0	0.10246
362	58.3	0.20053	109.3	0.95099	104.3	0.59046	26.8	0.07198	53.3	0.19824	35.1	0.15822	17.8	0.01219
364	56.3	0.18046	110.5	0.85510	101.1	0.49134	25.8	0.06975	52.8	0.21671	22.0	0.00938	18.8	0.03733
366	57.5	0.20205	113.3	0.95626	103.0	0.52245	27.7	0.09490	56.6	0.25740	21.8	0.02575	15.5	0.01415
368	59.1	0.21500	119.8	1.17770	105.6	0.63441	27.9	0.09715	57.7	0.26437	21.7	0.03042	13.5	0.00906
370	57.6	0.18802	110.7	0.91610	105.6	0.60473	26.3	0.08737	62.9	0.24221	15.1	0.01633	17.7	0.03078
372	57.1	0.17920	112.8	0.99510	105.7	0.60954	26.1	0.07951	65.5	0.31122	17.6	0.03003	15.6	0.01872
374	57.5	0.20173	114.3	1.13705	103.7	0.57236	26.9	0.08655	66.6	0.31834	17.0	0.01713	18.6	0.02661
376	58.5	0.20553	113.1	1.12083	107.7	0.70268	28.9	0.10813	66.2	0.34342	21.3	0.01667	26.5	0.11070
378	58.0	0.22569	111.9	1.01713	105.7	0.68870	27.5	0.10010	65.0	0.31746	27.3	0.05515	22.1	0.05637
380	59.4	0.23742	114.6	1.14797	104.7	0.68279	27.5	0.10670	60.9	0.28053	26.6	0.01491	16.8	0.02075
382	57.0	0.22071	120.2	1.19318	107.2	0.66015	28.7	0.11315	58.5	0.26362	27.1	0.03266	14.8	0.03062
384	60.3	0.30011	119.8	1.20552	106.7	0.66737	26.2	0.08637	60.7	0.27774	22.9	0.01548	15.0	0.01958
386	62.7	0.31803	121.3	1.32770	108.6	0.73149	26.2	0.08046	61.8	0.25211	26.8	0.05825	10.4	0.00769
388	61.8	0.29927	118.0	1.25544	106.9	0.75638	27.9	0.08951	58.6	0.20655	26.9	0.02444	9.2	0.00431
390	60.4	0.25602	113.4	1.07512	107.3	0.74223	27.3	0.09136	56.5	0.16882	32.2	0.06415	11.1	0.01620
392	58.7	0.22420	109.8	1.08014	104.5	0.72887	24.4	0.06367	58.7	0.16372	32.4	0.04905	12.3	0.01157
394	58.3	0.23098	110.6	1.16493	109.6	0.87680	25.4	0.07228	66.0	0.22263	36.1	0.12598	12.4	0.00854
396	58.5	0.21904	111.9	1.18667	108.1	0.82412	26.0	0.07135	60.8	0.20263	33.6	0.09606	13.6	0.00615
398	57.6	0.20308	107.3	0.98690	105.7	0.84831	25.2	0.06398	66.4	0.17885	24.5	0.04498	16.0	0.01652
400	57.5	0.20220	104.7	0.89604	105.0	0.79879	24.8	0.06099	61.6	0.18510	39.5	0.17106	19.1	0.03436
402	58.8	0.22453	104.2	0.93019	102.6	0.77127	23.8	0.05885	61.0	0.20588	28.5	0.03736	23.5	0.03141
404	60.1	0.23542	113.4	1.24467	107.3	0.93231	26.7	0.08535	58.9	0.18267	31.6	0.04965	20.0	0.02469
406	59.1	0.24609	112.0	1.24855	104.4	0.83240	25.3	0.07773	62.7	0.22126	30.2	0.03630	18.8	0.00272
408	57.1	0.20795	107.2	1.06286	104.4	0.85719	25.7	0.07503	62.3	0.18204	29.1	0.03439	24.6	0.04609
410	56.1	0.19113	107.6	1.10755	105.7	0.90333	26.6	0.08357	62.0	0.17691	34.2	0.08534	25.0	0.04319
412	57.3	0.22762	113.7	1.28422	107.9	0.98259	25.8	0.07624	64.4	0.22304	34.3	0.09534	21.3	0.01682
414	58.8	0.21118	110.4	1.15820	106.6	0.93433	25.5	0.06693	66.4	0.22883	30.5	0.07100	16.0	0.00803
416	55.8	0.17181	109.4	1.08966	102.9	0.64938	24.9	0.06192	62.6	0.17314	27.8	0.06042	12.9	0.00698
418	55.2	0.16055	111.1	1.15558	106.5	0.71538	25.5	0.06658	59.3	0.20380	27.6	0.02972	17.3	0.02782
420	57.3	0.19740	113.2	1.15105	107.5	0.77820	23.6	0.05652	58.0	0.21130	28.9	0.07833	22.7	0.03149
422	56.7	0.18672	108.6	1.06121	102.1	0.70280	26.4	0.08160	60.2	0.17592	35.8	0.13064	26.0	0.06447
424	56.5	0.19775	114.8	1.30058	105.0	0.66557	25.8	0.07617	54.8	0.16928	34.1	0.07476	21.6	0.04105
426	55.9	0.17348	109.9	1.21992	105.7	0.71463	25.2	0.07064	56.6	0.17106	27.0	0.01827	21.2	0.02166
428	55.1	0.17405	110.3	1.18002	104.7	0.73582	24.8	0.06670	61.2	0.16221	33.9	0.08155	21.3	0.04978
430	57.3	0.19724	112.4	1.17736	103.4	0.71991	24.8	0.06090	63.9	0.18163	28.1	0.04861	23.8	0.08924
432	57.5	0.20189	109.5	1.06877	105.6	0.76503	25.1	0.07619	67.0	0.22561	25.4	0.04631	24.7	0.07915
434	58.5	0.22008	114.0	1.23987	107.4	0.80134	26.2	0.08020	65.8	0.21766	21.2	0.03795	18.8	0.01764
436	59.6	0.23971	111.7	1.23589	109.5	0.95612	26.4	0.08198	77.4	0.28542	24.5	0.06470	15.9	0.02018
438	59.9	0.23124	111.1	1.07061	105.8	0.80127	27.1	0.08912	75.6	0.24505	15.2	0.01291	17.7	0.05418
440	57.5	0.20063	111.7	1.09365	107.7	0.86390	27.1	0.08213	79.1	0.32723	23.6	0.07520	12.3	0.01793
442	58.8	0.22608	111.4	0.94093	105.1	0.77544	26.8	0.07866	72.8	0.31503	16.2	0.03494	18.7	0.03213
444	58.8	0.22491	113.5	1.13560	104.7	0.70879	25.2	0.07088	72.9	0.31632	20.5	0.05510	17.2	0.01829
446	60.1	0.24953	111.6	1.09203	104.4	0.67316	25.0	0.06917	73.4	0.30879	23.0	0.07010	16.0	0.02104
448	58.9	0.24277	110.9	1.14778	104.3	0.64444	25.3	0.07128	72.0	0.33177	22.6	0.04890	18.5	0.02097
450	58.1	0.22665	112.9	1.14035	108.1	0.74219	25.4	0.07218	72.2	0.31917	24.5	0.07083	20.3	0.05333
452	58.3	0.21654	116.0	1.35149	108.2	0.85613	26.4	0.07544	71.1	0.31169	25.5	0.05346	16.6	0.01948
454	58.1	0.21241	115.3	1.32082	109.8	0.85732	25.3	0.06475	67.6	0.32389	28.2	0.04167	15.5	0.02261
456	57.7	0.20445	118.1	1.40484	107.0	0.76092	25.5	0.06682	69.9	0.33847	27.7	0.05901	12.4	0.00832
458	58.8	0.20951	115.5	1.27287	105.7	0.71619	26.7	0.08458	66.4	0.29796	25.5	0.03402	14.2	0.01610
460	59.1	0.22999	113.6	1.19534	105.8	0.69142	25.4	0.07294	64.0	0.28027	25.7	0.02836	15.5	0.01829
462	60.4	0.23955	112.8	1.13739	104.3	0.66863	25.5	0.07353	63.8	0.25982	27.2	0.05436	14.8	0.01486
464	57.8	0.20749	109.5	1.06803	105.9	0.77549	26.3	0.08063	68.5	0.25529	20.8	0.01896	20.1	0.04115
466	57.3	0.19777	112.1	1.22360	106.1	0.78403	26.5	0.08318	66.8	0.25564	32.0	0.07027	12.2	0.00757
468	55.9	0.18693	111.1	1.12724	104.8	0.73982	25.4	0.06592	64.9	0.20061	27.1	0.03945	12.8	0.01345
470	56.1	0.17652	107.2	0.98172	103.3	0.63751	26.2	0.07294	57.6	0.20290	31.9	0.04410	14.0	0.01500
472	55.8	0.15764	112.0	1.04945	104.3	0.61603	25.7	0.07508	59.9	0.24540	23.2	0.02333	14.4	0.01312
474	57.7	0.20504	116.1	1.26610	106.6	0.74597	28.0	0.09821	65.0	0.30047	24.0	0.02863	21.4	0.04506
476	57.5	0.20219	111.5	1.08602	103.0	0.60151	25.1	0.06972	62.9	0.19500	25.1	0.05052	12.7	0.00971
478	56.9	0.20594	110.3	1.01226	101.7	0.56064	25.2	0.07098	63.1	0.23050	29.6	0.06972	12.1	0.01070
480	56.2	0.17848	111.5	1.00187	102.2	0.52646	26.0	0.07809	64.8	0.24747	21.9	0.03184	11.4	0.01422
482	61.7	0.26552	119.2	1.30100	109.6	0.79601	26.9	0.08698	69.5	0.34725	20.8	0.03550	16.4	0.03143
484	61.6	0.28023	113.3	1.12883	106.0	0.77815	26.3	0.08058	76.5	0.36231	18.0	0.01800	14.1	0.02325
486	57.1	0.19488	105.9	0.85615	99.0	0.52883	25.4	0.07219	71.8	0.25620	15.8	0.01971	12.7	0.00979
488	59.6	0.23969	111.7	1.06546	105.4	0.73251	27.6	0.10146	73.5	0.29263	12.9	0.01043	21.3	0.05018
490	60.0	0.26259	111.0	1.09674	104.8	0.74015	25.6	0.07443	70.1	0.30868	11.5	0.00523	26.0	0.03791
492	60.4	0.30237	111.0	1.03928	103.5	0.74978	26.4	0.08910	70.6	0.30204	21.9	0.04360	20.3	0.01106
494	59.7	0.27182	111.3	1.05198	104.0	0.68734	27.0	0.08750	67.2	0.26299	18.2	0.00964	17.3	0.01893
496	58.2	0.22821	111.2	1.01862	105.6	0.71180	26.7	0.08518	64.3	0.22132	16.6	0.01084	16.4	0.01439
498	57.1	0.20862	105.7	0.87560	103.3	0.61102	24.3	0.06254	61.9	0.19138	18.0	0.01837	24.5	0.05818
500	55.3	0.19080	110.3	0.93203	102.4	0.63371	25.0	0.06874	61.7	0.18825	17.2	0.01842	19.2	0.01978
502	54.3	0.20202	109.2	0.94467	100.6	0.62867	24.5	0.07126	68.8	0.22710	18.0	0.02300	20.6	0.02311
504	56.1	0.21984	110.9	1.09196	103.4	0.69201	25.9	0.06340	66.5	0.24919	16.8	0.02526	21.7	0.00759
506	57.4	0.24318	109.6	1.09999	103.7	0.70440	25.4	0.06606	67.2	0.24666	16.1	0.02973	29.6	0.03936
508	56.5	0.22739	112.4	1.15065	104.9	0.71514	26.3	0.08103	64.9	0.25015	18.8	0.01745	28.5	0.06699
510	58.8	0.23949	112.7	1.10263	103.7	0.70323	25.6	0.07413	69.2	0.28737	17.6	0.02080	24.7	0.06011
512	55.4	0.15061	106.5	0.90456	99.2	0.55859	26.0	0.07822	66.1	0.24129	16.1	0.01723	24.2	0.04934
514	54.0	0.12818	106.8	0.94260	100.8	0.63615	24.9	0.06827	66.9	0.20617	14.6	0.01378	21.0	0.02560
516	59.1	0.21528	119.0	1.32407	108.0	0.73855	25.4	0.07228	68.7	0.31212	13.9	0.01818	17.2	0.01364
518	57.3	0.19703	112.6	1.04524	102.3	0.60418	25.1	0.07024	67.0	0.29335	13.8	0.01412	20.1	0.02030
520	58.9	0.21190	115.0	1.13334	103.5	0.69770	24.1	0.05457	72.4	0.35914	13.5	0.02013	18.8	0.01762
522	59.5	0.22406	110.2	0.98091	104.6	0.75747	23.9	0.05305	74.3	0.34814	13.5	0.02349	24.1	0.05431
524	59.3	0.25022	107.5	0.85738	104.9	0.76759	25.7	0.08181	74.9	0.34283	13.3	0.02298	24.6	0.04576
526	58.1	0.21197	110.9	0.95219	106.5	0.76847	26.9	0.08666	68.7	0.31149	13.4	0.01609	23.3	0.04225
528	57.4	0.19940	108.2	0.93589	103.4	0.61498	24.6	0.06556	68.3	0.30445	13.2	0.01145	17.8	0.00768
530	55.9	0.17393	108.8	1.01266	104.0	0.63476	25.5	0.07335	72.8	0.35021	13.6	0.01339	23.8	0.05263
532	57.7	0.21957	107.4	0.96244	103.0	0.55117	24.5	0.05790	65.7	0.31500	13.7	0.00990	22.9	0.02126
534	56.6	0.20067	105.6	0.89954	103.4	0.58857	24.4	0.05069	64.5	0.29045	13.9	0.01076	26.3	0.04694
536	58.5	0.20520	105.6	0.84529	105.3	0.67730	25.7	0.06868	68.6	0.34389	13.5	0.01271	24.4	0.05127
538	58.3	0.20026	107.3	0.90501	106.6	0.71983	26.1	0.07226	70.8	0.37830	13.6	0.01348	21.7	0.03590
540	59.7	0.21274	115.0	1.19325	108.8	0.79386	25.7	0.06869	68.4	0.32388	14.2	0.00849	15.1	0.01215
542	58.3	0.18660	113.5	1.13556	107.1	0.73799	23.7	0.05134	68.5	0.32471	12.5	0.00883	21.3	0.03900
544	57.2	0.16742	110.7	1.05839	105.2	0.62088	24.1	0.05485	66.1	0.25794	12.4	0.00833	13.3	0.00481
546	57.3	0.16793	108.8	0.93081	104.0	0.60919	23.9	0.04680	61.8	0.23670	17.2	0.01375	13.1	0.01115
548	57.4	0.17045	111.0	0.90023	102.6	0.58863	25.1	0.06291	63.5	0.23761	15.4	0.01351	11.9	0.01329
550	59.9	0.21646	115.2	1.02698	106.1	0.67541	26.4	0.06822	66.5	0.31647	17.1	0.02254	14.4	0.03236
552	57.0	0.17865	112.6	0.87227	107.0	0.65061	25.8	0.06329	64.7	0.31155	14.5	0.02129	13.4	0.01951
554	57.1	0.17978	111.7	0.86986	105.8	0.61314	26.5	0.06915	67.8	0.34385	11.2	0.01350	19.3	0.05092
556	55.4	0.17866	111.6	0.83771	105.2	0.62150	24.4	0.05104	68.4	0.32332	11.1	0.01925	19.5	0.04236
558	56.6	0.18557	112.8	0.96564	106.0	0.61888	24.6	0.05895	67.4	0.28499	11.7	0.01531	15.9	0.02460
560	57.0	0.16338	114.6	1.17798	107.6	0.67159	25.4	0.06588	66.5	0.26462	15.2	0.02883	15.8	0.01557
562	56.7	0.15790	112.4	1.26328	107.6	0.72545	24.6	0.06529	77.0	0.31640	13.9	0.02193	19.2	0.04012
564	57.0	0.16354	114.0	1.21164	106.3	0.73519	26.7	0.07803	74.5	0.33330	12.7	0.02335	21.6	0.04115
566	58.8	0.18117	110.8	1.00286	104.1	0.74201	24.3	0.06314	76.1	0.35234	11.2	0.01337	19.6	0.03751
568	58.2	0.18446	108.9	0.90759	107.8	0.81392	24.8	0.07320	74.8	0.38012	18.2	0.04801	17.4	0.01925
570	58.4	0.17238	108.1	0.90624	105.6	0.71312	23.9	0.05916	70.2	0.32768	19.7	0.03839	15.9	0.02455
572	57.2	0.18226	108.0	0.98620	107.4	0.77197	24.7	0.06655	75.2	0.33193	16.8	0.03418	15.8	0.01558
574	57.3	0.16794	111.3	1.05086	106.3	0.73723	25.7	0.06854	67.0	0.29356	19.0	0.03386	16.1	0.01300
576	56.6	0.18502	107.6	0.99907	108.0	0.76609	26.0	0.07823	65.5	0.26075	14.9	0.00721	26.1	0.05894
578	56.8	0.17472	108.1	1.09940	108.3	0.72161	27.4	0.09947	68.9	0.31571	14.0	0.00761	27.9	0.06855
580	57.8	0.17668	109.8	1.07775	109.7	0.74231	26.5	0.08949	68.1	0.35215	14.3	0.01256	19.8	0.01307
582	57.3	0.16822	110.2	1.06517	108.5	0.72860	24.8	0.06075	63.1	0.29431	14.1	0.01167	20.7	0.01326
584	57.3	0.16883	111.1	1.21201	105.5	0.68234	24.8	0.06690	65.8	0.31818	19.2	0.00977	22.5	0.03021
586	57.2	0.16681	112.3	1.17193	108.5	0.75659	23.3	0.04804	63.9	0.31064	15.7	0.00670	24.4	0.04419
588	57.2	0.18199	109.9	1.11027	105.6	0.76783	25.0	0.05562	67.2	0.33083	22.8	0.05062	22.9	0.02107
590	59.0	0.21363	109.3	1.11625	103.9	0.76338	26.9	0.07319	68.3	0.35557	20.9	0.01988	20.9	0.00879
592	55.9	0.15954	103.2	0.94583	99.2	0.68668	23.3	0.04243	68.8	0.29630	20.7	0.01865	21.8	0.00817
594	57.0	0.16430	108.3	1.07854	106.2	0.86661	25.1	0.05660	68.5	0.34333	27.2	0.05442	26.3	0.06750
596	57.3	0.15395	102.3	0.83667	100.7	0.65748	24.6	0.05902	64.7	0.31087	23.3	0.02965	25.3	0.04541
598	57.3	0.18311	104.9	0.84732	100.6	0.62906	25.3	0.06527	69.2	0.32424	20.7	0.03465	18.2	0.01438
600	55.3	0.14845	100.7	0.63050	99.2	0.63631	23.9	0.04688	71.8	0.32703	20.0	0.03511	18.3	0.03425
602	58.5	0.18986	109.8	0.88336	103.7	0.78042	25.4	0.05906	77.5	0.46587	20.4	0.04845	10.4	0.00191
604	58.9	0.19669	107.5	0.88394	108.1	0.95959	24.6	0.05214	79.5	0.47571	16.5	0.01496	14.9	0.01927
606	60.8	0.23174	110.6	1.05341	113.4	1.07374	25.9	0.07014	81.9	0.56116	15.9	0.02050	17.3	0.01904
608	59.4	0.22071	111.4	1.05353	113.8	1.06124	24.4	0.05685	83.4	0.56043	14.5	0.02883	21.7	0.04198
610	57.0	0.19294	112.6	1.10005	112.8	1.08031	25.1	0.05660	79.8	0.48602	13.6	0.02764	19.7	0.00762
612	55.1	0.14520	110.9	1.03780	106.2	0.78599	24.5	0.05139	79.3	0.43281	6.9	0.00338	16.3	0.01366
614	54.2	0.13051	109.8	0.99487	104.1	0.66348	25.2	0.05749	76.3	0.39540	6.1	0.00378	17.1	0.01349
616	55.2	0.14741	113.2	1.18032	102.3	0.68393	24.1	0.06092	84.1	0.45237	10.8	0.02074	17.6	0.01128
618	56.7	0.20140	112.8	1.19197	105.1	0.72246	25.2	0.06383	79.2	0.44825	10.0	0.01478	23.2	0.01701
620	56.1	0.20527	114.4	1.11294	105.9	0.72450	24.5	0.05831	73.5	0.38589	9.6	0.01591	23.1	0.01627
622	56.3	0.18071	114.1	1.09940	105.6	0.71259	26.3	0.08794	72.2	0.37252	9.3	0.00968	21.3	0.01117
624	52.8	0.12228	104.2	0.79769	101.6	0.55889	23.6	0.06290	70.4	0.35114	8.8	0.00806	25.6	0.02782
626	54.0	0.15478	103.9	0.81385	100.9	0.58694	23.7	0.06354	72.6	0.32830	9.1	0.01146	27.7	0.03766
628	56.3	0.19413	106.0	0.94110	105.0	0.71954	26.2	0.08034	75.2	0.37002	7.4	0.00452	28.5	0.05150
630	56.0	0.20276	107.9	1.06122	107.2	0.76823	26.4	0.07554	76.2	0.37353	7.4	0.00647	27.0	0.03150
632	54.5	0.20537	101.7	0.87058	104.7	0.73447	25.5	0.07306	76.7	0.34790	7.4	0.00665	36.8	0.09646
634	55.5	0.19497	102.7	0.85113	102.9	0.70259	25.5	0.07361	83.3	0.47398	7.6	0.00720	32.8	0.09509
636	56.8	0.21857	106.1	0.89029	102.7	0.61737	25.6	0.07410	81.3	0.48319	7.6	0.00497	25.0	0.04967
638	58.0	0.21000	109.9	0.94410	104.7	0.65573	24.6	0.07169	82.1	0.50395	7.3	0.00623	14.5	0.00562
640	57.6	0.20229	106.6	0.88220	102.5	0.61148	25.5	0.07347	80.6	0.42402	5.4	0.00264	14.9	0.00732
642	56.4	0.18266	105.8	0.90767	103.3	0.61081	24.6	0.07145	80.7	0.38673	5.4	0.00252	14.8	0.00701
644	57.5	0.18623	108.3	0.91272	103.0	0.70434	24.4	0.06331	82.4	0.34505	8.8	0.01069	10.1	0.00679
646	57.4	0.18520	107.0	0.84259	103.7	0.67553	23.8	0.06430	78.4	0.31000	8.6	0.00748	10.0	0.00660
648	58.0	0.19480	108.8	0.95896	105.6	0.79290	24.7	0.06600	80.6	0.32209	7.7	0.00723	12.3	0.00793
650	58.2	0.21385	113.4	1.01638	106.8	0.83484	26.1	0.07907	79.8	0.34285	8.0	0.00825	11.1	0.00692
652	56.9	0.17610	112.9	1.05439	103.9	0.73478	26.8	0.08551	78.5	0.33228	8.6	0.00524	11.3	0.00776
654	58.7	0.20905	112.8	0.96564	106.1	0.75782	24.5	0.06454	78.4	0.40814	8.5	0.00475	10.4	0.00779
656	56.8	0.17403	104.6	0.76022	100.6	0.55228	24.2	0.05589	75.2	0.33189	11.7	0.00927	8.3	0.00442
658	57.2	0.18201	111.2	0.96330	104.5	0.64964	26.6	0.07694	76.4	0.38056	11.9	0.00986	8.6	0.00744
660	57.1	0.17938	110.0	0.89363	104.1	0.66449	25.5	0.06679	77.7	0.37146	11.0	0.01286	8.5	0.00714
662	57.0	0.17758	108.8	0.90404	105.8	0.72006	26.4	0.07485	76.6	0.34539	12.2	0.01091	8.7	0.00780
664	58.5	0.22045	111.0	0.98343	105.9	0.72189	26.5	0.09716	79.9	0.36648	13.6	0.01683	7.7	0.00297
666	58.8	0.22588	111.2	0.99302	107.6	0.72747	25.2	0.08343	71.8	0.31065	27.1	0.08935	10.1	0.00970
668	60.0	0.21684	107.3	0.93346	107.2	0.71329	26.9	0.08707	73.0	0.35553	23.8	0.05227	15.1	0.03627
670	57.6	0.20275	104.6	0.83843	103.2	0.58258	26.6	0.07744	71.0	0.38188	25.4	0.05307	15.5	0.02634
672	59.4	0.22219	107.5	0.91341	103.9	0.65665	27.0	0.08774	73.6	0.36906	21.1	0.04321	16.5	0.02811
674	57.4	0.18500	108.2	0.90938	105.4	0.65418	25.7	0.08151	71.6	0.36048	21.6	0.04696	20.0	0.05097
676	57.5	0.20099	108.5	0.92261	103.6	0.59347	25.0	0.06844	68.6	0.32650	20.8	0.01349	7.0	0.00164
678	58.6	0.22221	109.8	0.99543	100.8	0.55918	24.9	0.06824	72.3	0.33929	23.4	0.03102	6.9	0.00342
680	56.8	0.18932	110.2	1.09392	105.7	0.66266	24.6	0.06515	71.6	0.30578	18.0	0.00877	14.4	0.02473
682	56.5	0.18327	107.0	0.94883	105.1	0.61759	24.9	0.06826	74.5	0.37295	18.9	0.00849	13.8	0.03255
684	56.1	0.16204	107.2	0.92913	102.6	0.59051	24.2	0.06843	74.5	0.33369	20.9	0.01976	10.6	0.01980
686	56.1	0.16267	109.8	1.05262	102.2	0.62751	25.8	0.07637	72.5	0.30626	24.0	0.02908	7.2	0.00610
688	59.9	0.23129	115.5	1.41751	103.2	0.63523	26.0	0.07773	75.8	0.36585	20.8	0.01386	9.8	0.00315
690	58.0	0.18104	116.6	1.43333	103.4	0.58790	26.1	0.07237	71.0	0.36346	23.2	0.01137	8.4	0.00468
692	56.8	0.17462	112.4	1.17952	103.7	0.59717	26.6	0.07739	70.8	0.37618	29.8	0.05623	7.6	0.00721
694	55.1	0.14539	107.9	1.09153	103.5	0.64547	25.8	0.07647	69.4	0.32669	30.3	0.04492	13.3	0.01900
696	56.7	0.17311	111.3	1.16280	102.9	0.62425	27.5	0.08619	65.9	0.32066	30.5	0.03931	12.7	0.01658
698	56.5	0.17004	108.5	1.08414	101.1	0.59230	25.6	0.07408	69.2	0.27093	27.8	0.04598	11.0	0.00979
700	57.8	0.19243	109.4	1.11759	105.4	0.65347	24.8	0.06051	64.8	0.28025	27.4	0.03498	14.6	0.02180
702	59.0	0.19916	109.9	1.13628	104.6	0.62553	26.0	0.07103	68.5	0.32559	28.9	0.06266	18.8	0.05240
704	59.0	0.22914	114.5	1.34696	105.8	0.77382	26.6	0.08370	76.6	0.32631	36.2	0.15498	17.0	0.04454
706	55.6	0.16773	108.7	1.11852	104.7	0.65754	24.0	0.05985	68.1	0.24825	23.5	0.01885	18.0	0.04185
708	58.2	0.21344	108.5	1.05782	104.6	0.62567	24.9	0.06843	71.4	0.24737	15.9	0.00767	14.5	0.02509
710	60.9	0.28048	113.8	1.23146	107.4	0.74679	26.7	0.09850	75.6	0.28290	19.3	0.03068	12.0	0.01044
712	58.8	0.21088	105.1	0.98972	103.3	0.61054	24.6	0.07198	74.7	0.24541	20.2	0.02064	11.3	0.02022
714	56.3	0.18029	105.0	1.01031	101.1	0.59361	24.4	0.06383	79.1	0.26720	18.1	0.02342	12.4	0.01832
716	55.6	0.18138	108.1	1.12417	102.4	0.55606	24.0	0.06012	80.0	0.30810	24.9	0.06154	9.0	0.01367
718	58.4	0.21728	112.1	1.16614	107.3	0.74205	26.1	0.07878	78.2	0.34484	20.2	0.03135	15.1	0.04047
720	57.9	0.19330	108.5	1.00294	101.1	0.59360	24.2	0.06835	78.3	0.30748	22.9	0.05111	9.5	0.01558
722	57.7	0.23351	108.5	1.00433	100.1	0.53739	25.2	0.07681	79.4	0.35259	18.8	0.01263	6.6	0.00466
724	55.4	0.17953	107.6	1.02359	103.5	0.59028	25.9	0.08370	78.9	0.38237	20.4	0.01161	6.9	0.00739
726	58.2	0.21364	113.4	1.27355	104.5	0.62419	25.5	0.08022	81.8	0.43408	19.9	0.01386	7.1	0.00801
728	57.2	0.21128	113.0	1.20044	102.0	0.59731	26.4	0.08153	80.2	0.37348	19.7	0.01802	5.0	0.00350
730	58.7	0.25359	112.9	1.25356	101.7	0.56180	27.1	0.09586	86.8	0.46074	21.6	0.03563	5.0	0.00355
732	53.6	0.17567	106.7	1.09897	100.5	0.47408	25.0	0.06847	85.6	0.40591	20.7	0.02911	6.4	0.00619
734	55.9	0.17353	107.6	0.99827	99.9	0.43077	25.0	0.06863	76.6	0.36388	19.6	0.02210	6.1	0.00545
736	56.4	0.16836	109.2	1.13812	99.9	0.45597	25.0	0.06909	78.5	0.39046	20.1	0.01491	11.0	0.02166
738	58.5	0.22046	112.5	1.18063	103.1	0.60505	24.0	0.06028	79.9	0.42547	21.6	0.02445	9.3	0.01482
740	56.8	0.20283	108.7	1.09261	104.5	0.67580	26.8	0.07920	78.9	0.40118	26.1	0.04533	10.8	0.01792
742	57.9	0.22353	108.1	1.01597	103.6	0.64809	24.6	0.05892	82.3	0.46800	23.3	0.04786	10.7	0.01446
744	58.6	0.22099	107.8	0.97847	106.0	0.67241	24.0	0.05405	83.2	0.47116	20.0	0.05639	13.3	0.02272
746	58.6	0.22169	108.3	1.07704	106.3	0.65545	25.9	0.07080	81.7	0.47308	22.8	0.06182	11.6	0.01178
748	58.1	0.21309	110.4	1.21365	103.7	0.65042	25.5	0.07358	84.0	0.40878	16.2	0.01738	18.9	0.05338
750	58.1	0.25625	117.1	1.42548	109.8	0.77381	27.0	0.08072	85.0	0.47606	25.4	0.09235	9.8	0.00595
752	57.4	0.22889	107.8	0.89467	102.7	0.54011	25.9	0.07089	78.0	0.43896	21.0	0.04203	7.5	0.00474
754	53.7	0.16347	102.6	0.74594	95.8	0.45816	24.2	0.05552	83.8	0.42282	21.1	0.05447	5.7	0.00134
756	56.4	0.21088	108.9	1.04383	103.7	0.57302	27.2	0.08264	87.9	0.51325	18.4	0.05394	13.2	0.02219
758	53.6	0.16272	101.6	0.73674	100.4	0.52257	23.2	0.04739	81.0	0.37284	12.6	0.01255	14.8	0.03072
760	53.2	0.15570	99.8	0.75373	99.0	0.50413	24.7	0.07226	84.4	0.35407	13.6	0.01698	13.6	0.02071
762	55.1	0.17381	108.2	0.91210	103.1	0.63228	26.3	0.09447	85.6	0.49191	12.4	0.02194	14.7	0.01443
764	57.9	0.20934	103.8	0.83827	106.2	0.59953	25.5	0.08029	80.7	0.46755	9.7	0.01086	21.1	0.04894
766	56.3	0.19427	107.9	0.95298	102.7	0.54149	23.3	0.06624	80.9	0.43091	11.1	0.01617	17.4	0.01950
768	60.0	0.27858	112.1	1.10824	104.3	0.59049	24.5	0.07095	81.8	0.47621	11.4	0.01122	19.5	0.03738
770	58.5	0.25014	111.5	1.17172	104.4	0.56641	25.0	0.07525	80.0	0.40811	18.3	0.03898	17.1	0.02673
772	58.4	0.23265	117.0	1.39053	103.4	0.56369	24.1	0.06747	83.3	0.45197	17.5	0.03371	13.6	0.01704
774	58.1	0.21270	115.5	1.38630	102.8	0.57077	24.8	0.07311	80.1	0.41271	15.4	0.01362	16.8	0.02531
776	57.6	0.20314	108.1	1.09812	98.5	0.43863	23.9	0.05965	76.3	0.35694	18.2	0.01444	14.7	0.02246
778	57.3	0.18287	116.4	1.39397	104.3	0.53969	25.7	0.07494	78.3	0.44540	20.8	0.04091	9.1	0.00403
780	57.2	0.19580	115.5	1.24061	104.2	0.53500	26.3	0.08779	71.0	0.32738	18.3	0.01975	9.2	0.00431
782	57.4	0.17101	110.6	1.05384	104.9	0.52997	25.0	0.06276	70.4	0.31422	16.1	0.03425	10.5	0.00524
784	58.3	0.20185	114.8	1.15427	103.0	0.52320	24.9	0.06805	73.0	0.33626	17.5	0.03369	8.5	0.00492
786	60.2	0.23618	117.9	1.27887	105.5	0.63004	25.5	0.07374	78.9	0.46211	18.5	0.04033	8.8	0.00556
788	57.5	0.18728	110.0	1.00342	98.9	0.45013	24.2	0.05560	74.9	0.40101	29.3	0.11958	12.3	0.01803
790	56.8	0.18829	110.5	1.05074	100.1	0.46108	24.4	0.06345	77.9	0.45555	22.6	0.05467	10.8	0.00903
792	59.6	0.24066	118.4	1.27100	105.2	0.59218	25.6	0.07418	81.7	0.55615	12.4	0.00850	11.7	0.01558
794	58.5	0.25001	113.8	1.11576	105.3	0.64842	24.5	0.07111	84.3	0.52091	12.9	0.01048	12.3	0.01492
796	56.2	0.17809	106.8	0.94125	98.9	0.47727	23.9	0.07131	81.8	0.43467	13.2	0.01140	12.5	0.00900
798	58.3	0.23139	111.6	0.92226	100.4	0.54493	24.2	0.06801	76.5	0.40067	14.3	0.00868	9.9	0.00897
800	55.2	0.17598	105.3	0.86282	100.0	0.48471	24.9	0.07442	77.0	0.35427	13.7	0.01001	11.6	0.00881
802	55.4	0.17843	108.5	0.94795	100.1	0.53682	25.3	0.07787	78.8	0.41964	13.6	0.00959	12.9	0.00694
804	54.6	0.19342	110.5	1.10316	103.3	0.56004	24.9	0.07433	79.4	0.43342	17.3	0.01419	11.9	0.00671
806	54.9	0.19839	112.2	1.11364	101.8	0.51374	25.4	0.07211	80.4	0.45923	16.9	0.01707	9.9	0.00610
808	55.7	0.18375	105.0	0.93052	98.9	0.40068	23.4	0.04894	81.9	0.41534	15.5	0.01834	8.7	0.01023
810	58.3	0.24583	112.2	1.14247	100.8	0.45654	24.4	0.05683	81.7	0.43192	14.3	0.01261	7.8	0.00772
812	58.2	0.19945	110.3	1.09849	101.5	0.47937	24.0	0.05428	74.9	0.32371	14.4	0.00903	7.3	0.00641
814	58.5	0.20518	115.6	1.21585	106.3	0.62794	24.5	0.06437	80.9	0.49393	13.9	0.01106	7.5	0.00694
816	55.2	0.20375	108.5	0.97585	100.3	0.46755	23.7	0.06389	85.2	0.43950	13.7	0.01733	6.0	0.00189
818	56.1	0.19129	106.1	0.83811	98.0	0.47550	24.3	0.06237	82.5	0.41113	11.4	0.01117	8.5	0.00488
820	56.7	0.18746	107.5	0.96535	102.5	0.61211	24.2	0.06794	87.9	0.44571	11.3	0.01378	8.2	0.00637
822	55.3	0.14870	109.4	0.89980	101.6	0.60976	24.0	0.05997	84.1	0.47377	11.6	0.00898	7.9	0.01018
824	54.5	0.13604	110.9	0.92434	99.1	0.58261	23.3	0.05440	79.7	0.34008	11.6	0.01196	7.3	0.00645
826	58.3	0.20089	114.4	1.13975	99.9	0.68228	25.6	0.07445	81.3	0.31970	13.8	0.01423	7.7	0.00513
828	58.9	0.22664	116.0	1.11355	104.1	0.76707	25.9	0.07757	84.7	0.38413	12.0	0.02323	7.6	0.00484
830	56.0	0.19002	108.0	0.90447	103.0	0.70671	24.8	0.06666	84.8	0.34403	11.8	0.01610	8.2	0.00864
832	55.7	0.18373	107.1	0.87227	104.1	0.68897	22.8	0.05037	81.8	0.31016	8.2	0.00639	9.8	0.01143
834	55.7	0.16907	107.8	0.87005	104.8	0.71176	23.2	0.04745	78.1	0.32253	9.9	0.00874	11.6	0.01530
836	59.2	0.23261	112.0	1.13216	107.0	0.78758	25.8	0.06936	83.3	0.38959	9.9	0.00884	13.6	0.02064
838	57.8	0.19250	113.8	1.11644	107.8	0.84143	26.0	0.06427	82.7	0.39439	9.6	0.01051	10.6	0.01408
840	57.0	0.17752	114.2	1.18996	106.0	0.72665	26.7	0.08538	84.3	0.39537	7.4	0.00654	13.1	0.02179
842	57.9	0.19350	112.7	1.21703	107.7	0.72803	26.4	0.07531	85.6	0.40643	7.6	0.00707	13.8	0.02894
844	56.4	0.16838	113.3	1.18356	107.6	0.69991	26.2	0.07287	83.2	0.38745	7.5	0.00677	13.3	0.02967
846	56.5	0.16998	115.2	1.28892	107.4	0.63835	25.1	0.05662	78.2	0.34420	10.1	0.01510	12.6	0.01956
848	57.5	0.17198	117.8	1.33604	104.7	0.57778	23.9	0.04654	75.8	0.32685	13.1	0.03236	18.1	0.04740
850	57.4	0.18535	113.3	1.21401	105.1	0.53764	24.1	0.04846	72.7	0.31236	13.3	0.01938	15.8	0.03251
852	55.1	0.14551	111.4	1.19713	106.0	0.59406	25.6	0.06121	76.7	0.36830	16.1	0.03448	15.1	0.02438
854	58.1	0.18310	120.5	1.56974	106.2	0.62632	25.5	0.06052	76.3	0.37727	16.6	0.03709	15.6	0.02289
856	55.8	0.14290	117.9	1.54876	105.1	0.56348	25.8	0.06955	78.7	0.39565	21.1	0.06545	14.1	0.01547
858	55.0	0.13010	113.8	1.37747	99.8	0.45359	23.9	0.05313	75.1	0.31131	16.8	0.03839	16.9	0.01673
860	54.5	0.12267	108.9	1.23762	100.7	0.50575	22.3	0.04063	74.6	0.29884	15.5	0.02228	16.7	0.01124
862	56.2	0.14983	113.4	1.33014	103.2	0.55531	24.0	0.05363	75.0	0.42078	12.7	0.01292	25.3	0.05229
864	55.8	0.14271	114.3	1.25121	103.2	0.55617	25.3	0.06502	73.1	0.41270	12.6	0.01259	24.6	0.05928
866	55.5	0.13859	114.4	1.22911	106.1	0.62284	25.3	0.06468	68.3	0.33770	12.8	0.01006	24.4	0.06388
868	56.2	0.14949	111.9	1.12958	104.9	0.58501	25.8	0.06997	69.4	0.29169	16.5	0.02804	14.9	0.01944
870	56.4	0.15387	111.8	1.15589	107.8	0.65030	24.3	0.06291	70.8	0.25251	14.9	0.03144	15.8	0.02382
872	59.3	0.20401	116.4	1.30760	102.9	0.64945	25.1	0.07000	75.7	0.28642	19.1	0.05425	13.9	0.01444
874	59.0	0.19931	112.8	1.19506	103.9	0.68457	26.3	0.08059	76.6	0.32510	18.5	0.05487	23.3	0.06066
876	56.8	0.17515	110.2	1.06440	102.9	0.67819	24.7	0.06628	72.8	0.33325	18.3	0.03876	23.6	0.04450
878	56.2	0.17841	112.4	1.09267	106.4	0.79457	25.5	0.07307	73.9	0.35675	18.6	0.04101	19.4	0.02142
880	55.3	0.17624	110.2	1.06639	104.4	0.64803	25.3	0.07189	72.9	0.31666	17.1	0.03585	20.8	0.02969
882	56.1	0.17619	109.6	1.12780	101.2	0.64649	26.9	0.07268	69.6	0.26189	20.2	0.04713	24.2	0.03672
884	54.3	0.17344	103.8	0.91422	106.4	0.79306	23.7	0.05724	70.5	0.26410	18.1	0.04250	33.6	0.09532
886	54.4	0.16265	108.0	0.93038	104.0	0.71405	24.5	0.06466	68.7	0.29554	18.0	0.03244	25.2	0.04435
888	55.8	0.17187	110.5	0.96575	103.0	0.73186	24.6	0.05876	69.3	0.30866	13.8	0.01059	19.9	0.01909
890	56.5	0.18397	108.3	0.85826	102.0	0.67375	23.9	0.05319	71.7	0.34289	10.9	0.00628	19.5	0.02189
892	59.1	0.23159	113.6	1.02255	104.8	0.76424	25.4	0.06623	70.9	0.39686	12.5	0.00556	18.8	0.01257
894	57.4	0.19928	118.2	1.14349	103.0	0.75907	26.4	0.07490	73.9	0.41403	15.6	0.01039	15.3	0.01717
896	60.0	0.21658	115.3	1.05915	105.4	0.81100	25.2	0.07032	68.3	0.32031	20.2	0.01524	10.8	0.00917
898	60.0	0.24880	113.4	0.98823	105.8	0.74622	25.8	0.06264	61.3	0.24281	20.7	0.01299	11.7	0.01230
900	61.4	0.26053	113.8	0.97327	105.7	0.74260	25.7	0.06166	61.8	0.25270	19.0	0.01908	10.5	0.00520
902	58.1	0.19705	110.5	0.82534	104.9	0.71776	24.9	0.06120	63.0	0.26015	18.7	0.02730	19.5	0.04755
904	56.5	0.18447	113.8	0.91603	106.3	0.76232	24.3	0.06270	64.1	0.26659	23.5	0.06205	13.1	0.01131
906	58.6	0.23610	113.3	0.95622	109.2	0.77951	26.9	0.07987	66.6	0.28362	14.7	0.02206	17.9	0.03200
908	60.0	0.24832	114.0	1.01197	107.9	0.76266	27.2	0.07560	66.5	0.28210	14.0	0.01132	14.2	0.01958
910	59.6	0.22495	110.9	0.89616	105.5	0.68450	27.3	0.07668	64.2	0.25140	13.7	0.01016	14.0	0.01899
912	56.5	0.16997	110.2	0.90081	110.4	0.82144	26.6	0.07045	68.2	0.28399	12.5	0.01223	15.8	0.03257
914	58.3	0.20154	108.6	0.89626	110.4	0.85203	26.4	0.07471	73.4	0.34662	13.5	0.01296	16.2	0.03482
916	54.3	0.15996	105.7	0.85087	103.0	0.60204	23.4	0.05471	75.3	0.29480	12.0	0.01984	17.3	0.02364
918	56.4	0.18187	105.1	0.80242	102.7	0.61767	24.6	0.05856	73.7	0.27871	12.6	0.01593	16.0	0.02938
920	58.9	0.21135	109.2	1.02949	107.7	0.78525	26.6	0.08411	79.7	0.30004	8.5	0.00490	19.4	0.06167
922	58.4	0.20363	112.4	1.23258	111.2	0.85166	26.8	0.09277	80.6	0.28220	8.6	0.00509	20.2	0.06869
924	57.7	0.18981	115.8	1.34241	107.3	0.76970	27.6	0.08646	81.6	0.26419	8.8	0.00568	17.9	0.06492
926	57.2	0.21145	113.0	1.25646	109.2	0.80924	25.8	0.06990	79.2	0.32917	7.9	0.00557	22.1	0.05080
928	57.8	0.19196	115.2	1.22857	111.5	0.94735	25.4	0.06553	73.5	0.27377	13.5	0.02397	22.3	0.05764
930	54.9	0.12904	106.3	1.00440	107.8	0.73399	25.1	0.07010	67.8	0.22428	12.5	0.01559	23.0	0.03981
932	55.9	0.15863	107.6	1.05019	107.2	0.76725	26.4	0.07517	65.1	0.20401	15.8	0.02381	20.8	0.01377
934	54.7	0.15222	107.6	1.10547	104.1	0.69053	24.9	0.06822	71.6	0.23330	11.0	0.01275	27.8	0.05260
936	60.2	0.22049	114.6	1.29188	111.9	0.96116	27.0	0.08115	78.4	0.36861	11.9	0.02300	25.6	0.06800
938	56.2	0.16434	108.6	1.03324	106.0	0.75300	24.6	0.06565	76.5	0.32257	11.3	0.01691	15.8	0.00309
940	56.4	0.15271	109.1	0.94132	103.9	0.70971	24.4	0.05753	77.7	0.35315	11.3	0.01991	15.1	0.01622
942	58.7	0.19287	112.1	0.96906	106.5	0.79640	25.7	0.06174	76.9	0.39182	11.4	0.01759	13.7	0.01720
944	57.2	0.18227	110.6	0.91523	105.5	0.73648	24.1	0.06100	78.5	0.39219	11.1	0.01621	13.6	0.01699
946	57.0	0.16372	109.3	0.86727	104.1	0.68849	26.9	0.08669	80.3	0.43742	10.9	0.01834	13.7	0.01734
948	55.6	0.15387	108.0	0.79265	102.2	0.57772	24.1	0.06099	80.6	0.42430	10.9	0.02123	11.2	0.01356
950	56.4	0.18223	106.0	0.80727	101.9	0.56784	24.1	0.06093	82.1	0.44118	11.4	0.01413	12.0	0.01682
952	54.6	0.16463	105.1	0.77582	101.8	0.58868	24.1	0.05509	77.5	0.36820	11.7	0.01216	12.8	0.01329
954	56.5	0.18441	112.8	1.10725	105.7	0.74341	26.1	0.06511	81.2	0.41902	10.7	0.01179	13.9	0.01820
956	56.5	0.18328	110.8	1.06134	104.9	0.76865	26.9	0.07258	83.5	0.45794	10.8	0.01209	15.0	0.01558
958	55.4	0.16521	112.8	0.99227	106.2	0.75825	24.3	0.05642	79.9	0.40574	10.3	0.01856	20.4	0.05446
960	54.6	0.15197	113.3	0.95544	106.8	0.78033	25.7	0.06168	76.5	0.40178	10.1	0.01783	23.8	0.07680
962	56.3	0.19427	112.2	0.99886	109.1	0.77870	25.8	0.06983	74.0	0.43500	9.5	0.01289	23.4	0.03707
964	56.1	0.16186	114.0	1.01040	108.6	0.78919	26.2	0.07333	72.8	0.36823	9.7	0.01373	20.4	0.04345
966	53.3	0.11658	104.6	0.67997	102.2	0.55247	23.9	0.05297	66.5	0.26500	8.8	0.01043	19.0	0.02885
968	55.0	0.13046	107.3	0.79784	102.4	0.58377	26.4	0.08194	70.2	0.29141	9.3	0.00966	16.0	0.02091
970	57.0	0.16282	107.3	0.87887	103.9	0.60316	24.7	0.06638	70.7	0.28510	9.4	0.01253	15.7	0.01100
972	55.1	0.14540	104.3	0.77652	106.3	0.65603	25.5	0.06700	65.7	0.23337	12.1	0.02377	24.1	0.05435
974	55.6	0.15353	108.2	0.88405	105.2	0.62112	25.8	0.06916	62.9	0.24103	11.7	0.01568	17.8	0.00771
976	55.0	0.13055	109.7	0.99140	107.8	0.70539	24.2	0.05524	62.7	0.22126	13.8	0.01397	15.8	0.01133
978	56.8	0.16002	113.6	1.16896	105.3	0.67763	26.2	0.07334	66.8	0.23742	10.1	0.01503	22.1	0.02731
980	57.4	0.18418	112.8	1.16535	104.0	0.63359	25.3	0.06520	68.0	0.26231	7.4	0.00452	20.0	0.00935
982	58.9	0.19697	112.8	1.22134	106.5	0.74313	26.5	0.07622	72.5	0.28973	7.8	0.00968	24.2	0.03629
984	58.6	0.20685	119.4	1.43165	109.2	0.78132	28.8	0.09182	74.1	0.38090	7.8	0.00994	20.0	0.01430
986	56.8	0.17445	117.3	1.31385	103.6	0.62145	25.9	0.06383	71.3	0.33430	7.4	0.00872	20.1	0.00951
988	55.7	0.15485	114.7	1.26996	102.0	0.59694	25.9	0.06382	72.9	0.33361	7.6	0.00912	22.3	0.01742
990	57.6	0.18798	113.6	1.22573	105.5	0.65720	24.7	0.05334	74.7	0.31976	7.8	0.00989	19.0	0.02394
992	56.7	0.17231	112.3	1.23221	106.9	0.70345	24.0	0.04751	71.4	0.31882	6.2	0.00388	22.9	0.02098
994	57.0	0.17812	110.3	1.12428	102.1	0.62427	24.7	0.05980	77.5	0.34741	6.3	0.00418	21.0	0.02560
996	56.8	0.18818	110.4	1.01741	106.1	0.73021	27.2	0.08254	78.3	0.38713	6.2	0.00393	18.2	0.02406
998	56.5	0.18395	110.5	1.02104	104.5	0.70282	24.7	0.06007	81.6	0.40871	6.6	0.00668	17.3	0.02357
1000	57.1	0.20885	111.6	1.09142	108.9	0.77174	26.0	0.08519	79.5	0.41762	5.9	0.00506	20.7	0.02418
