Gen	theta:1:K	theta:2:C	theta:3:L	theta:4:H	theta:5:K,C,L,H	theta:6:K,C,L	theta:7:K,C	tau:5:K,C,L,H	tau:6:K,C,L	tau:7:K,C	lnL
2	0.003753	0.009468	0.008382	0.002943	0.003772	0.001277	0.001994	0.002168	0.002142	0.001958	-4449.287
4	0.003004	0.009411	0.006660	0.002951	0.003084	0.002582	0.000383	0.001772	0.001751	0.001716	-4469.023
6	0.004070	0.010618	0.007022	0.002474	0.003041	0.001573	0.001830	0.001866	0.001843	0.001736	-4463.145
8	0.003828	0.010137	0.006567	0.004398	0.002810	0.002010	0.001031	0.001866	0.001843	0.001812	-4459.168
10	0.002776	0.012626	0.007087	0.003696	0.003521	0.002091	0.001253	0.001866	0.001838	0.001812	-4473.822
12	0.003870	0.009922	0.008654	0.002399	0.003127	0.001692	0.001898	0.001866	0.001845	0.001812	-4463.596
14	0.002868	0.011424	0.008228	0.002536	0.004076	0.001415	0.001331	0.001866	0.001845	0.001812	-4467.025
16	0.003861	0.010024	0.008707	0.002278	0.002740	0.000568	0.001586	0.001866	0.001854	0.001812	-4455.978
18	0.003302	0.010320	0.010531	0.003081	0.002852	0.001191	0.000499	0.002038	0.002017	0.001997	-4467.027
20	0.004815	0.009424	0.010510	0.002685	0.002763	0.000863	0.000537	0.002043	0.002020	0.002000	-4458.566
22	0.003331	0.009282	0.009116	0.002298	0.003455	0.002463	0.000934	0.002317	0.002291	0.002267	-4456.619
24	0.003453	0.008866	0.007906	0.004101	0.003465	0.000859	0.000860	0.002144	0.002131	0.002098	-4457.282
26	0.003831	0.009165	0.006387	0.002402	0.003768	0.000946	0.000566	0.002127	0.002115	0.002082	-4460.595
28	0.003423	0.009990	0.007040	0.003290	0.003478	0.002391	0.000894	0.002127	0.002104	0.002082	-4463.327
30	0.003566	0.007284	0.008311	0.002809	0.003640	0.001367	0.000733	0.002127	0.002114	0.002088	-4453.797
32	0.003018	0.008650	0.008925	0.002239	0.003774	0.001366	0.001786	0.002133	0.002111	0.002088	-4472.061
34	0.003053	0.009226	0.009029	0.003126	0.004102	0.002049	0.001146	0.002133	0.002110	0.002041	-4452.273
36	0.003810	0.008049	0.007832	0.002308	0.004618	0.001257	0.002615	0.002133	0.002110	0.001954	-4459.285
38	0.003020	0.010363	0.008004	0.003765	0.003132	0.001410	0.003461	0.002132	0.002110	0.001916	-4463.848
40	0.002534	0.007909	0.007823	0.002952	0.002712	0.001702	0.001086	0.001817	0.001790	0.001704	-4454.460
42	0.004807	0.008153	0.006563	0.002450	0.002482	0.003162	0.000719	0.001906	0.001790	0.001745	-4473.346
44	0.004724	0.008958	0.008886	0.002390	0.002954	0.000392	0.000518	0.002278	0.002260	0.002203	-4464.647
46	0.004166	0.011046	0.009341	0.002251	0.002901	0.000766	0.001862	0.002015	0.001940	0.001798	-4466.109
48	0.004388	0.008244	0.008489	0.003123	0.002164	0.001126	0.001673	0.002015	0.001940	0.001850	-4460.692
50	0.002985	0.010618	0.008118	0.002574	0.002658	0.001569	0.000927	0.002012	0.001927	0.001872	-4467.335
52	0.004602	0.009445	0.010873	0.004016	0.002329	0.001831	0.002155	0.002028	0.001927	0.001711	-4463.188
54	0.003307	0.007860	0.008746	0.003025	0.002443	0.001618	0.003955	0.001979	0.001927	0.001711	-4461.611
56	0.005099	0.007706	0.009844	0.002443	0.003888	0.001154	0.001223	0.002019	0.001927	0.001838	-4467.000
58	0.003991	0.012579	0.009152	0.002610	0.003520	0.000979	0.000486	0.001951	0.001927	0.001893	-4451.454
60	0.003418	0.010838	0.007544	0.004327	0.003387	0.003825	0.000641	0.002055	0.001904	0.001850	-4445.954
62	0.003293	0.010237	0.008237	0.003800	0.003609	0.000708	0.001895	0.002055	0.002020	0.001850	-4452.538
64	0.002486	0.007860	0.007111	0.003749	0.003574	0.001631	0.002862	0.002051	0.001972	0.001670	-4462.416
66	0.003078	0.009603	0.007993	0.002502	0.003048	0.001715	0.002556	0.002071	0.001985	0.001687	-4457.719
68	0.004859	0.008725	0.008716	0.003736	0.002368	0.000881	0.002591	0.001981	0.001933	0.001642	-4455.652
70	0.006125	0.009762	0.007623	0.003529	0.002815	0.001036	0.001495	0.001981	0.001935	0.001781	-4449.509
72	0.003861	0.009301	0.007970	0.002474	0.002631	0.001116	0.003892	0.001945	0.001905	0.001581	-4454.609
74	0.003790	0.008381	0.006588	0.004485	0.002855	0.000460	0.002271	0.001919	0.001905	0.001566	-4461.377
76	0.004062	0.009953	0.007952	0.004072	0.003944	0.001873	0.001943	0.002231	0.002153	0.001895	-4449.755
78	0.003951	0.007452	0.006590	0.003601	0.003497	0.002078	0.001680	0.002012	0.001941	0.001642	-4452.392
80	0.004687	0.008934	0.005735	0.003562	0.003509	0.001790	0.001591	0.002019	0.001939	0.001721	-4451.603
82	0.003986	0.011177	0.008194	0.003734	0.003140	0.002468	0.000767	0.002377	0.002282	0.002190	-4455.885
84	0.004912	0.011057	0.007012	0.003101	0.003006	0.001036	0.001972	0.002310	0.002282	0.002101	-4446.419
86	0.005195	0.011208	0.007861	0.002226	0.002594	0.000676	0.001851	0.002007	0.001984	0.001826	-4452.253
88	0.005227	0.010386	0.008877	0.004753	0.003577	0.002989	0.000749	0.002239	0.002086	0.001972	-4441.546
90	0.005691	0.010714	0.006738	0.004210	0.004123	0.001236	0.001334	0.002262	0.002217	0.002030	-4448.690
92	0.004760	0.008093	0.006736	0.002920	0.002183	0.000639	0.000928	0.001715	0.001694	0.001601	-4460.501
94	0.002838	0.010194	0.008464	0.002986	0.003053	0.000843	0.002079	0.001973	0.001949	0.001722	-4449.229
96	0.003549	0.009326	0.009205	0.002262	0.003302	0.000611	0.002067	0.001963	0.001949	0.001722	-4448.918
98	0.003413	0.009880	0.007443	0.002424	0.003895	0.001931	0.001586	0.001980	0.001949	0.001722	-4454.171
100	0.003966	0.009212	0.008694	0.003751	0.004844	0.001780	0.001574	0.001901	0.001856	0.001654	-4459.773
102	0.004049	0.010955	0.008354	0.003092	0.003070	0.000778	0.000836	0.001865	0.001856	0.001792	-4457.469
104	0.004567	0.010992	0.008332	0.002602	0.003109	0.001141	0.000311	0.001865	0.001857	0.001815	-4457.853
106	0.004099	0.009870	0.006992	0.004374	0.003347	0.001300	0.001385	0.001865	0.001857	0.001654	-4461.918
108	0.004245	0.010037	0.007388	0.002045	0.002639	0.001386	0.001771	0.001865	0.001857	0.001654	-4441.877
110	0.003358	0.009037	0.006348	0.001963	0.002656	0.002605	0.000804	0.001540	0.001514	0.001418	-4456.731
112	0.003512	0.010128	0.009501	0.005403	0.002281	0.003027	0.002092	0.001800	0.001770	0.001489	-4448.378
114	0.003406	0.010900	0.007914	0.002344	0.003191	0.001881	0.001220	0.001789	0.001739	0.001639	-4445.595
116	0.002907	0.009791	0.007530	0.002160	0.003171	0.002816	0.001407	0.001789	0.001732	0.001639	-4443.562
118	0.003183	0.009940	0.007541	0.002174	0.003309	0.001113	0.002358	0.001789	0.001757	0.001603	-4461.193
120	0.003912	0.010558	0.007587	0.004379	0.003215	0.000420	0.001163	0.001789	0.001781	0.001663	-4445.060
122	0.003131	0.010221	0.007812	0.001905	0.002833	0.001750	0.001797	0.001628	0.001570	0.001322	-4462.681
124	0.003406	0.009805	0.008025	0.002570	0.002725	0.001440	0.002295	0.001626	0.001575	0.001360	-4460.756
126	0.003558	0.010543	0.008119	0.002129	0.003361	0.002197	0.000894	0.001656	0.001575	0.001493	-4450.728
128	0.002649	0.009221	0.007795	0.002320	0.003323	0.002037	0.000998	0.001643	0.001575	0.001526	-4453.236
130	0.003025	0.009800	0.007953	0.003083	0.003064	0.000971	0.000846	0.001734	0.001695	0.001638	-4449.423
132	0.002665	0.010085	0.009385	0.004181	0.003352	0.002269	0.000442	0.001986	0.001902	0.001860	-4442.913
134	0.003225	0.009635	0.010759	0.003378	0.003182	0.001281	0.001946	0.001986	0.001936	0.001860	-4427.144
136	0.003414	0.008400	0.009666	0.001926	0.002304	0.001924	0.001670	0.001723	0.001665	0.001551	-4438.835
138	0.004094	0.009080	0.006558	0.002548	0.002179	0.001512	0.000482	0.001723	0.001665	0.001637	-4436.644
140	0.003490	0.007678	0.006100	0.003159	0.001742	0.002501	0.001661	0.001609	0.001569	0.001471	-4457.274
142	0.003500	0.011944	0.007521	0.003009	0.002259	0.003801	0.001059	0.001936	0.001795	0.001770	-4445.377
144	0.003670	0.009672	0.007626	0.005133	0.002125	0.004042	0.000911	0.001809	0.001682	0.001654	-4439.828
146	0.004164	0.009415	0.006748	0.003606	0.002722	0.000817	0.001242	0.002020	0.001980	0.001898	-4440.401
148	0.003536	0.010647	0.010631	0.004468	0.002113	0.001328	0.001513	0.002081	0.002000	0.001898	-4454.557
150	0.003964	0.011390	0.008474	0.003691	0.002767	0.000520	0.000460	0.001961	0.001936	0.001911	-4451.295
152	0.004373	0.010174	0.007010	0.005214	0.002879	0.001066	0.002369	0.002168	0.002114	0.001973	-4450.751
154	0.004510	0.010825	0.006808	0.005778	0.002784	0.001914	0.000245	0.002168	0.002106	0.002094	-4462.572
156	0.004888	0.013479	0.007224	0.007026	0.003818	0.003169	0.000713	0.002630	0.002603	0.002527	-4448.411
158	0.004734	0.011208	0.005316	0.003116	0.001908	0.001802	0.002092	0.002231	0.002209	0.002156	-4459.544
160	0.003170	0.009507	0.005629	0.003683	0.001600	0.003537	0.002392	0.001908	0.001888	0.001844	-4454.390
162	0.004390	0.011339	0.005339	0.004424	0.001608	0.003537	0.000891	0.001908	0.001888	0.001844	-4445.821
164	0.004639	0.009855	0.006487	0.004681	0.001453	0.003537	0.001563	0.001908	0.001888	0.001844	-4454.306
166	0.003877	0.009645	0.006706	0.003333	0.001951	0.002278	0.002056	0.001908	0.001888	0.001844	-4460.255
168	0.004065	0.009545	0.006631	0.002857	0.001884	0.003140	0.002796	0.002165	0.002135	0.002060	-4457.003
170	0.003351	0.012871	0.005109	0.003154	0.002896	0.000886	0.003223	0.002165	0.002161	0.002086	-4461.108
172	0.003147	0.010705	0.005358	0.003422	0.002296	0.002336	0.001962	0.002074	0.002046	0.001998	-4447.477
174	0.002887	0.010734	0.005170	0.002529	0.001958	0.000920	0.001296	0.001783	0.001779	0.001748	-4457.426
176	0.003324	0.012084	0.007076	0.002570	0.002464	0.001783	0.001776	0.002193	0.002171	0.002150	-4433.297
178	0.002789	0.011131	0.005262	0.001972	0.002058	0.002302	0.000327	0.001689	0.001669	0.001656	-4437.800
180	0.004071	0.015071	0.005828	0.002087	0.001857	0.001341	0.001134	0.001689	0.001669	0.001656	-4451.274
182	0.003725	0.010777	0.006485	0.002805	0.002373	0.001110	0.000885	0.001689	0.001669	0.001656	-4448.887
184	0.002951	0.008347	0.007129	0.003153	0.003268	0.000746	0.001000	0.001696	0.001667	0.001663	-4454.282
186	0.003108	0.012110	0.007639	0.002776	0.003036	0.002576	0.000933	0.002008	0.001952	0.001946	-4441.806
188	0.002628	0.010978	0.006677	0.004075	0.003049	0.001509	0.002363	0.001850	0.001799	0.001793	-4437.598
190	0.002581	0.011397	0.008146	0.001810	0.003048	0.001697	0.002363	0.001834	0.001799	0.001793	-4434.938
192	0.003336	0.009777	0.007462	0.001810	0.002756	0.001457	0.002363	0.001834	0.001799	0.001793	-4437.650
194	0.002908	0.009222	0.006857	0.003032	0.002306	0.001252	0.000586	0.001826	0.001794	0.001793	-4458.271
196	0.003279	0.008977	0.005878	0.002866	0.002808	0.001232	0.000933	0.001826	0.001794	0.001793	-4441.056
198	0.003482	0.010905	0.006230	0.002752	0.002495	0.001130	0.001393	0.001826	0.001799	0.001793	-4441.375
200	0.002534	0.010559	0.006387	0.003004	0.003339	0.001087	0.002725	0.001826	0.001801	0.001793	-4435.309
202	0.004785	0.011914	0.006143	0.002472	0.003934	0.000852	0.000913	0.001826	0.001801	0.001793	-4443.056
204	0.002960	0.009574	0.007996	0.003003	0.003959	0.000712	0.001217	0.001826	0.001801	0.001793	-4434.899
206	0.004417	0.009516	0.007755	0.002256	0.003528	0.002167	0.001294	0.001873	0.001801	0.001793	-4434.676
208	0.004395	0.009668	0.005754	0.001435	0.003166	0.001434	0.001486	0.001828	0.001801	0.001793	-4435.969
210	0.004237	0.012141	0.007760	0.001435	0.002892	0.000916	0.000969	0.001828	0.001807	0.001797	-4442.829
212	0.003013	0.009539	0.007171	0.002367	0.002701	0.000969	0.000872	0.001802	0.001776	0.001772	-4430.077
214	0.003136	0.010513	0.006351	0.002190	0.002705	0.002141	0.000829	0.001821	0.001776	0.001772	-4447.554
216	0.003570	0.007461	0.007040	0.002394	0.003248	0.001190	0.001003	0.001805	0.001776	0.001772	-4440.940
218	0.003547	0.008269	0.008926	0.002192	0.003283	0.001191	0.000313	0.001821	0.001793	0.001788	-4438.932
220	0.003600	0.009474	0.007225	0.003033	0.002916	0.001031	0.000439	0.001821	0.001793	0.001788	-4434.127
222	0.003565	0.009881	0.006055	0.002220	0.002892	0.001053	0.001251	0.001719	0.001693	0.001688	-4439.809
224	0.003354	0.009587	0.005812	0.002351	0.004221	0.001122	0.001251	0.001719	0.001693	0.001688	-4441.830
226	0.003599	0.010243	0.007226	0.003076	0.002817	0.000572	0.002594	0.001719	0.001700	0.001688	-4455.704
228	0.003924	0.011321	0.006031	0.002561	0.002975	0.001173	0.000715	0.001719	0.001700	0.001683	-4451.678
230	0.004269	0.011163	0.006831	0.001815	0.002989	0.000615	0.000715	0.001719	0.001700	0.001683	-4440.985
232	0.005264	0.011855	0.007048	0.002867	0.003723	0.001470	0.001580	0.002096	0.002038	0.002031	-4447.994
234	0.003852	0.012961	0.008294	0.002989	0.003159	0.001867	0.001049	0.001913	0.001859	0.001853	-4440.346
236	0.003337	0.010237	0.006667	0.002033	0.003914	0.001748	0.001916	0.001619	0.001574	0.001569	-4444.786
238	0.003073	0.012101	0.009027	0.002469	0.003727	0.002079	0.001631	0.001813	0.001772	0.001756	-4448.213
240	0.002767	0.009861	0.008929	0.002415	0.003620	0.003579	0.000700	0.001813	0.001766	0.001756	-4449.310
242	0.003559	0.013865	0.007677	0.003015	0.003765	0.000942	0.005877	0.001867	0.001848	0.001787	-4439.912
244	0.005416	0.008957	0.007635	0.004293	0.004049	0.000320	0.001960	0.001805	0.001802	0.001787	-4431.854
246	0.002797	0.010566	0.007121	0.002465	0.004723	0.000751	0.001107	0.001805	0.001792	0.001787	-4433.735
248	0.004051	0.011321	0.006993	0.003108	0.003021	0.001409	0.002513	0.001830	0.001817	0.001787	-4430.440
250	0.003817	0.009167	0.006281	0.004027	0.002955	0.002283	0.002227	0.001830	0.001797	0.001787	-4427.459
252	0.004717	0.010118	0.006159	0.002816	0.003275	0.002284	0.000809	0.001750	0.001726	0.001723	-4442.675
254	0.003025	0.008388	0.004843	0.002022	0.003360	0.001224	0.000412	0.001540	0.001524	0.001516	-4447.038
256	0.003578	0.007713	0.004648	0.002386	0.002801	0.000863	0.002178	0.001545	0.001540	0.001476	-4442.714
258	0.002715	0.009799	0.005211	0.003781	0.002481	0.003186	0.001599	0.001520	0.001498	0.001452	-4446.242
260	0.004023	0.010197	0.006697	0.002983	0.004020	0.002281	0.003005	0.002097	0.002067	0.001945	-4428.826
262	0.003172	0.009021	0.006867	0.003396	0.002858	0.001051	0.000998	0.002064	0.002057	0.002028	-4446.390
264	0.002273	0.009584	0.007182	0.002778	0.002751	0.000506	0.001008	0.001702	0.001698	0.001672	-4454.963
266	0.003606	0.013063	0.008849	0.004077	0.003259	0.000984	0.000741	0.002022	0.002015	0.001987	-4442.303
268	0.003831	0.010401	0.008533	0.004127	0.002060	0.001418	0.000977	0.002022	0.002013	0.001987	-4442.009
270	0.004227	0.011357	0.008274	0.003786	0.002127	0.001407	0.002613	0.002022	0.002019	0.001987	-4431.429
272	0.004506	0.010900	0.006795	0.003360	0.002466	0.002917	0.001404	0.002022	0.002019	0.001987	-4421.755
274	0.003724	0.011629	0.007954	0.003697	0.003316	0.001984	0.001508	0.002022	0.002019	0.001987	-4425.484
276	0.004050	0.011800	0.007086	0.003301	0.003352	0.000681	0.002453	0.002271	0.002268	0.002231	-4431.377
278	0.003100	0.008761	0.005688	0.003376	0.002387	0.001198	0.001306	0.001648	0.001646	0.001619	-4446.112
280	0.004073	0.009240	0.006524	0.004049	0.002139	0.003301	0.001443	0.001648	0.001646	0.001612	-4444.415
282	0.004176	0.010601	0.007605	0.002174	0.003561	0.002164	0.002074	0.001995	0.001992	0.001882	-4435.703
284	0.004879	0.009079	0.006962	0.003186	0.003115	0.001909	0.000920	0.001803	0.001800	0.001762	-4440.201
286	0.003844	0.008389	0.007835	0.002637	0.003212	0.001895	0.001565	0.001803	0.001800	0.001762	-4433.007
288	0.004497	0.009670	0.006899	0.002165	0.003700	0.001382	0.000712	0.001803	0.001800	0.001762	-4437.132
290	0.004400	0.009821	0.007346	0.005436	0.003127	0.001065	0.001073	0.001803	0.001800	0.001733	-4440.305
292	0.004275	0.012352	0.008977	0.004014	0.003573	0.001370	0.000946	0.002082	0.002078	0.002001	-4427.642
294	0.003528	0.013881	0.008475	0.003473	0.005253	0.000914	0.002574	0.002082	0.002078	0.002005	-4426.771
296	0.005996	0.010495	0.007087	0.003146	0.002722	0.000478	0.002341	0.001783	0.001780	0.001687	-4430.584
298	0.004128	0.010657	0.007474	0.002632	0.003407	0.002231	0.001540	0.001783	0.001780	0.001728	-4421.128
300	0.005086	0.010553	0.007250	0.003538	0.003216	0.002231	0.001235	0.001783	0.001780	0.001728	-4433.946
302	0.003453	0.009675	0.006151	0.004003	0.005593	0.000806	0.002197	0.001783	0.001780	0.001728	-4420.029
304	0.003899	0.009953	0.004984	0.002671	0.005491	0.001489	0.002197	0.001783	0.001780	0.001728	-4428.514
306	0.003335	0.008109	0.005213	0.002560	0.004514	0.001842	0.003020	0.001783	0.001780	0.001688	-4441.947
308	0.003251	0.011260	0.004953	0.003287	0.004138	0.001234	0.000753	0.001783	0.001780	0.001747	-4437.596
310	0.003626	0.007569	0.003952	0.002402	0.003985	0.000945	0.000694	0.001507	0.001505	0.001477	-4461.806
312	0.003426	0.008444	0.003978	0.003265	0.003501	0.000587	0.002235	0.001610	0.001607	0.001494	-4448.005
314	0.005238	0.012385	0.006009	0.003095	0.005907	0.000533	0.001244	0.002089	0.002086	0.002018	-4433.853
316	0.005157	0.009794	0.005494	0.003087	0.005394	0.002111	0.001779	0.001970	0.001952	0.001877	-4431.678
318	0.004468	0.010960	0.005501	0.003440	0.004043	0.002064	0.002282	0.002006	0.001988	0.001812	-4426.255
320	0.004179	0.010467	0.006132	0.003067	0.004078	0.001184	0.000178	0.001631	0.001616	0.001608	-4438.123
322	0.003970	0.008397	0.006606	0.002559	0.004178	0.000078	0.003028	0.001631	0.001630	0.001520	-4426.675
324	0.004384	0.009375	0.004952	0.002949	0.003324	0.000332	0.001425	0.001631	0.001630	0.001574	-4430.032
326	0.004714	0.011139	0.005926	0.002635	0.003291	0.000693	0.000979	0.001631	0.001625	0.001539	-4436.327
328	0.003918	0.011522	0.006104	0.001830	0.003127	0.000565	0.002063	0.001989	0.001982	0.001863	-4433.280
330	0.003613	0.010082	0.006522	0.002905	0.003394	0.000374	0.001305	0.001684	0.001678	0.001577	-4430.835
332	0.003009	0.012335	0.005914	0.003073	0.003069	0.001003	0.001007	0.001766	0.001760	0.001675	-4431.022
334	0.003375	0.009887	0.006802	0.002068	0.003669	0.001060	0.001646	0.001766	0.001760	0.001575	-4424.091
336	0.002980	0.012451	0.005850	0.001650	0.003751	0.001378	0.001643	0.001718	0.001710	0.001492	-4428.837
338	0.002434	0.012310	0.007953	0.001593	0.003696	0.000899	0.002205	0.001831	0.001822	0.001651	-4428.149
340	0.002609	0.010077	0.006236	0.002012	0.002673	0.002914	0.001738	0.001582	0.001521	0.001232	-4444.599
342	0.003286	0.011799	0.006466	0.002204	0.003703	0.002116	0.001276	0.001997	0.001920	0.001735	-4451.837
344	0.003210	0.010666	0.006958	0.002565	0.004565	0.002635	0.001227	0.001900	0.001762	0.001612	-4435.149
346	0.003106	0.009646	0.007222	0.002466	0.003647	0.001899	0.002860	0.001900	0.001762	0.001538	-4431.657
348	0.003470	0.011065	0.007370	0.003568	0.004010	0.001754	0.001543	0.001900	0.001762	0.001677	-4439.228
350	0.004269	0.008869	0.006882	0.003157	0.003010	0.001590	0.001714	0.001900	0.001762	0.001677	-4445.998
352	0.003314	0.007805	0.006861	0.002373	0.003603	0.002664	0.001527	0.001722	0.001540	0.001436	-4443.788
354	0.003260	0.007361	0.007187	0.001999	0.004300	0.002307	0.001911	0.002138	0.001867	0.001670	-4436.277
356	0.003779	0.007605	0.006848	0.001552	0.004385	0.001868	0.001855	0.001828	0.001596	0.001428	-4439.307
358	0.003790	0.010949	0.005504	0.003061	0.004660	0.004267	0.001639	0.002106	0.001839	0.001714	-4424.045
360	0.003571	0.009596	0.005074	0.002303	0.006538	0.000863	0.003622	0.002109	0.002052	0.001714	-4440.597
362	0.004199	0.008953	0.006758	0.002309	0.005364	0.004634	0.000979	0.002361	0.001960	0.001919	-4422.133
364	0.002977	0.007979	0.005498	0.002746	0.005318	0.000518	0.002958	0.002131	0.002093	0.001968	-4446.906
366	0.003021	0.011663	0.005482	0.005414	0.005103	0.001009	0.000846	0.002184	0.002106	0.002055	-4432.781
368	0.003386	0.008581	0.006534	0.003212	0.004487	0.001746	0.000463	0.002163	0.002086	0.002055	-4456.546
370	0.002432	0.007520	0.006296	0.003328	0.004081	0.001243	0.001967	0.001818	0.001792	0.001708	-4445.342
372	0.003458	0.008412	0.005541	0.003703	0.004081	0.001079	0.001577	0.001818	0.001771	0.001716	-4429.895
374	0.003716	0.008705	0.004927	0.003399	0.006274	0.000865	0.001866	0.001818	0.001792	0.001716	-4436.166
376	0.003581	0.009721	0.004902	0.002512	0.005343	0.000717	0.004515	0.002043	0.002013	0.001760	-4428.541
378	0.003101	0.007794	0.007041	0.004145	0.006613	0.002288	0.001859	0.001921	0.001812	0.001673	-4436.331
380	0.004032	0.010380	0.007109	0.002777	0.004705	0.000737	0.001624	0.001828	0.001791	0.001741	-4453.970
382	0.003925	0.008513	0.005100	0.003297	0.004957	0.000932	0.002276	0.001701	0.001623	0.001569	-4454.019
384	0.005946	0.009767	0.006546	0.003172	0.005988	0.001101	0.001983	0.001970	0.001932	0.001888	-4431.048
386	0.004766	0.012556	0.007027	0.002680	0.003312	0.001734	0.001127	0.002001	0.001901	0.001888	-4431.856
388	0.004886	0.011360	0.007911	0.003902	0.003498	0.001333	0.000554	0.002001	0.001957	0.001951	-4436.856
390	0.003385	0.009829	0.007306	0.002885	0.002808	0.001499	0.002139	0.001730	0.001611	0.001592	-4422.443
392	0.004628	0.011105	0.008375	0.002212	0.003314	0.002532	0.001342	0.001839	0.001736	0.001718	-4421.346
394	0.003493	0.009703	0.008083	0.002472	0.003099	0.003776	0.000362	0.001672	0.001530	0.001520	-4436.031
396	0.003447	0.011018	0.008995	0.002118	0.002610	0.003018	0.000287	0.001779	0.001629	0.001618	-4439.043
398	0.003532	0.010683	0.010914	0.001704	0.002659	0.001705	0.000919	0.001564	0.001508	0.001477	-4449.930
400	0.003966	0.009240	0.007470	0.002438	0.002977	0.003296	0.002146	0.001609	0.001373	0.001302	-4428.392
402	0.004346	0.010983	0.006032	0.002842	0.003994	0.001237	0.001312	0.001444	0.001373	0.001287	-4445.066
404	0.004065	0.009710	0.009804	0.004215	0.003068	0.001436	0.001107	0.001807	0.001717	0.001661	-4437.741
406	0.004683	0.011473	0.007877	0.004349	0.002826	0.001367	0.000109	0.001648	0.001587	0.001581	-4435.585
408	0.004142	0.010188	0.008121	0.001992	0.002713	0.002267	0.001268	0.001648	0.001592	0.001487	-4427.514
410	0.003675	0.011085	0.008229	0.003111	0.003464	0.002471	0.002550	0.001648	0.001524	0.001428	-4444.626
412	0.003922	0.012211	0.010173	0.002855	0.003313	0.002679	0.000711	0.001792	0.001657	0.001621	-4438.222
414	0.004385	0.008905	0.007839	0.002636	0.003137	0.002134	0.000403	0.001418	0.001343	0.001330	-4451.715
416	0.003524	0.012372	0.006011	0.001906	0.002530	0.002257	0.000646	0.001418	0.001341	0.001330	-4436.582
418	0.002673	0.009256	0.006283	0.003905	0.004179	0.000991	0.001754	0.001498	0.001447	0.001404	-4443.274
420	0.003523	0.010630	0.007512	0.002153	0.003925	0.002420	0.001650	0.001670	0.001507	0.001420	-4446.101
422	0.002846	0.009385	0.006921	0.002676	0.003959	0.004490	0.002848	0.001670	0.001462	0.001330	-4454.721
424	0.003075	0.009831	0.005690	0.003223	0.003264	0.001841	0.001729	0.001670	0.001525	0.001446	-4457.726
426	0.003504	0.015411	0.007038	0.002152	0.002512	0.000825	0.001325	0.001534	0.001493	0.001446	-4449.482
428	0.003517	0.009596	0.007385	0.003438	0.003039	0.002584	0.001962	0.001693	0.001566	0.001487	-4427.042
430	0.003201	0.009715	0.006722	0.002638	0.002636	0.001534	0.004046	0.001688	0.001623	0.001487	-4424.063
432	0.003933	0.009111	0.006498	0.003755	0.003092	0.002092	0.003192	0.001821	0.001759	0.001602	-4433.221
434	0.004011	0.012541	0.007609	0.003941	0.003486	0.001654	0.001266	0.001980	0.001924	0.001877	-4427.730
436	0.003283	0.011261	0.009332	0.003217	0.003502	0.004199	0.001098	0.001725	0.001669	0.001638	-4418.607
438	0.004081	0.008589	0.006778	0.003824	0.004267	0.001366	0.002496	0.001725	0.001714	0.001645	-4431.416
440	0.003254	0.010269	0.008100	0.002326	0.004783	0.003097	0.001818	0.001725	0.001667	0.001645	-4425.761
442	0.004346	0.009207	0.007427	0.001994	0.004034	0.002029	0.001853	0.001763	0.001731	0.001645	-4427.711
444	0.003625	0.010208	0.007089	0.002016	0.003935	0.003235	0.000618	0.001783	0.001725	0.001686	-4430.943
446	0.003941	0.008681	0.006733	0.002412	0.004537	0.003529	0.000618	0.001796	0.001725	0.001686	-4421.681
448	0.004140	0.009661	0.006986	0.002363	0.005457	0.002712	0.000618	0.001786	0.001725	0.001686	-4435.923
450	0.004021	0.009558	0.006956	0.002680	0.004616	0.002440	0.001838	0.001786	0.001698	0.001614	-4443.504
452	0.004134	0.009029	0.006993	0.001940	0.004110	0.001626	0.000962	0.001444	0.001388	0.001359	-4443.505
454	0.004321	0.011746	0.008687	0.003745	0.004997	0.001363	0.000911	0.001673	0.001609	0.001575	-4451.618
456	0.004069	0.011356	0.008375	0.003157	0.006595	0.002410	0.000561	0.001669	0.001588	0.001575	-4433.509
458	0.004649	0.010711	0.006820	0.003732	0.004468	0.001327	0.001247	0.001660	0.001602	0.001575	-4439.278
460	0.003732	0.012527	0.006941	0.002188	0.004922	0.001440	0.000930	0.001660	0.001609	0.001575	-4436.445
462	0.004135	0.010017	0.006235	0.003153	0.003899	0.001528	0.000886	0.001702	0.001609	0.001575	-4438.032
464	0.003564	0.010963	0.007620	0.002537	0.004334	0.001100	0.003012	0.001685	0.001659	0.001575	-4437.250
466	0.003290	0.009328	0.007130	0.002771	0.004080	0.002313	0.000563	0.001685	0.001587	0.001575	-4439.921
468	0.002721	0.009954	0.006139	0.003106	0.002700	0.001778	0.000996	0.001437	0.001384	0.001366	-4446.449
470	0.003173	0.009854	0.007483	0.003339	0.003496	0.001734	0.000878	0.001480	0.001391	0.001366	-4449.451
472	0.002658	0.009717	0.007136	0.003520	0.003871	0.001145	0.000564	0.001428	0.001378	0.001345	-4438.156
474	0.003358	0.009632	0.006316	0.003169	0.004015	0.001699	0.002548	0.001720	0.001673	0.001577	-4446.146
476	0.003409	0.009908	0.005972	0.002591	0.002883	0.001861	0.000657	0.001672	0.001593	0.001577	-4451.402
478	0.003267	0.008171	0.005921	0.003036	0.003662	0.002527	0.000783	0.001700	0.001594	0.001577	-4449.649
480	0.004484	0.010969	0.006971	0.004099	0.004235	0.001887	0.001384	0.001993	0.001937	0.001913	-4439.432
482	0.004089	0.009896	0.006768	0.003045	0.005088	0.001257	0.001903	0.001858	0.001813	0.001757	-4440.171
484	0.003851	0.007459	0.005127	0.003123	0.003176	0.000637	0.001273	0.001297	0.001283	0.001259	-4448.817
486	0.004785	0.010916	0.007431	0.003674	0.004572	0.000969	0.001180	0.001694	0.001668	0.001644	-4435.206
488	0.003519	0.010000	0.007541	0.003239	0.004428	0.001053	0.001675	0.001694	0.001683	0.001576	-4435.855
490	0.004122	0.008903	0.007413	0.003692	0.004110	0.000502	0.000967	0.001678	0.001672	0.001567	-4438.231
492	0.004073	0.009152	0.007562	0.002762	0.006044	0.003072	0.000970	0.001678	0.001621	0.001588	-4436.993
494	0.005787	0.010222	0.007320	0.002931	0.003801	0.000729	0.001107	0.001678	0.001664	0.001627	-4426.385
496	0.004948	0.009657	0.007190	0.002765	0.003585	0.001278	0.001472	0.001863	0.001845	0.001806	-4426.972
498	0.004159	0.008469	0.005836	0.002541	0.002743	0.000714	0.002349	0.001539	0.001511	0.001366	-4441.452
500	0.004237	0.009296	0.007231	0.003091	0.003175	0.001089	0.001087	0.001828	0.001794	0.001725	-4432.225
502	0.004053	0.010761	0.006629	0.003846	0.003410	0.001500	0.001068	0.001533	0.001505	0.001447	-4422.517
504	0.004890	0.010823	0.006837	0.003185	0.004196	0.002206	0.000274	0.001709	0.001677	0.001657	-4420.915
506	0.004215	0.012729	0.005325	0.002901	0.004364	0.003646	0.001288	0.001709	0.001677	0.001559	-4437.747
508	0.004379	0.010007	0.006751	0.003020	0.003378	0.001067	0.002325	0.001709	0.001681	0.001505	-4434.129
510	0.003467	0.008808	0.005895	0.003961	0.003314	0.000904	0.001525	0.001483	0.001458	0.001328	-4433.755
512	0.001825	0.007157	0.006450	0.003776	0.003696	0.001068	0.001661	0.001483	0.001458	0.001328	-4438.086
514	0.002684	0.007438	0.006170	0.003530	0.003209	0.000765	0.001280	0.001483	0.001465	0.001397	-4422.261
516	0.003067	0.009860	0.008188	0.004132	0.004543	0.001562	0.000705	0.001874	0.001852	0.001816	-4414.240
518	0.002642	0.010613	0.005909	0.002928	0.003931	0.000920	0.001142	0.001609	0.001590	0.001526	-4421.420
520	0.005182	0.010674	0.007363	0.002315	0.005436	0.001897	0.000773	0.001749	0.001729	0.001673	-4420.473
522	0.005077	0.009243	0.006857	0.002669	0.005053	0.002355	0.002094	0.001749	0.001729	0.001567	-4421.555
524	0.004228	0.006719	0.006547	0.003033	0.004894	0.002355	0.001469	0.001749	0.001729	0.001567	-4433.214
526	0.003991	0.009102	0.007111	0.003257	0.005712	0.001771	0.001687	0.001749	0.001729	0.001567	-4428.912
528	0.002879	0.008120	0.006296	0.002586	0.004627	0.000894	0.000574	0.001488	0.001472	0.001448	-4430.851
530	0.003200	0.009486	0.006013	0.003083	0.005041	0.001363	0.001447	0.001488	0.001472	0.001348	-4426.114
532	0.005474	0.008331	0.004863	0.001808	0.004136	0.000945	0.000810	0.001488	0.001472	0.001409	-4432.694
534	0.003616	0.009512	0.005481	0.002904	0.004861	0.000727	0.002759	0.001766	0.001747	0.001583	-4430.973
536	0.003028	0.007530	0.007047	0.003063	0.005434	0.001014	0.001522	0.001766	0.001747	0.001583	-4435.997
538	0.003417	0.008317	0.007831	0.002703	0.006338	0.000849	0.003120	0.002007	0.001986	0.001870	-4435.709
540	0.003283	0.010617	0.008008	0.002365	0.004071	0.000769	0.000487	0.002007	0.001995	0.001964	-4428.600
542	0.003658	0.010734	0.006431	0.001667	0.004004	0.000648	0.002122	0.002001	0.001989	0.001869	-4434.611
544	0.003047	0.010242	0.006649	0.001785	0.003512	0.000881	0.000589	0.001724	0.001714	0.001702	-4422.243
546	0.002785	0.007911	0.006603	0.001894	0.003913	0.000683	0.001270	0.001748	0.001726	0.001702	-4432.767
548	0.002786	0.007522	0.005206	0.002774	0.003443	0.000885	0.001965	0.001748	0.001728	0.001702	-4434.576
550	0.002568	0.008748	0.006284	0.002181	0.003824	0.001307	0.002655	0.001754	0.001727	0.001678	-4434.979
552	0.003439	0.007634	0.006560	0.002205	0.005235	0.001296	0.001702	0.001754	0.001723	0.001678	-4423.926
554	0.003066	0.009075	0.006895	0.002125	0.004621	0.001869	0.002113	0.001754	0.001739	0.001607	-4425.111
556	0.003302	0.008640	0.006172	0.001632	0.004618	0.001754	0.001457	0.001754	0.001739	0.001607	-4440.517
558	0.003173	0.008119	0.005093	0.003323	0.005173	0.001190	0.001011	0.001754	0.001739	0.001686	-4453.177
560	0.003846	0.010621	0.007176	0.002092	0.004753	0.001515	0.001222	0.001672	0.001641	0.001607	-4433.438
562	0.002317	0.012410	0.007263	0.002905	0.005045	0.001526	0.002360	0.001672	0.001655	0.001587	-4425.155
564	0.003137	0.011187	0.006589	0.002584	0.004782	0.001938	0.002033	0.001672	0.001655	0.001557	-4428.689
566	0.004225	0.010053	0.006950	0.003132	0.004048	0.001850	0.002066	0.001665	0.001655	0.001557	-4436.335
568	0.002754	0.010053	0.008066	0.002361	0.005354	0.001608	0.001297	0.001665	0.001613	0.001557	-4437.922
570	0.002566	0.008289	0.008095	0.002821	0.005771	0.001712	0.001687	0.001665	0.001613	0.001557	-4449.186
572	0.003165	0.009399	0.006638	0.002855	0.004643	0.001548	0.000877	0.001646	0.001613	0.001580	-4433.826
574	0.004607	0.010116	0.007117	0.003079	0.004676	0.001467	0.000995	0.001651	0.001602	0.001568	-4425.631
576	0.003567	0.008579	0.007977	0.004639	0.004220	0.000464	0.001969	0.001732	0.001720	0.001565	-4437.970
578	0.003814	0.008579	0.007934	0.003614	0.004677	0.000541	0.001849	0.001732	0.001720	0.001565	-4447.555
580	0.003118	0.011210	0.006907	0.003407	0.006173	0.000861	0.000780	0.001636	0.001615	0.001571	-4436.826
582	0.002632	0.010354	0.006019	0.003073	0.005523	0.000668	0.000659	0.001636	0.001615	0.001571	-4446.435
584	0.003164	0.011242	0.006450	0.002527	0.004344	0.000981	0.001803	0.001636	0.001616	0.001535	-4426.533
586	0.003497	0.010796	0.007512	0.002877	0.005799	0.000323	0.001917	0.001636	0.001623	0.001492	-4432.924
588	0.003418	0.009394	0.007597	0.002877	0.005653	0.002182	0.000659	0.001636	0.001555	0.001492	-4441.759
590	0.002912	0.007727	0.006223	0.003956	0.004004	0.000886	0.000324	0.001294	0.001271	0.001251	-4448.711
592	0.003203	0.010502	0.009673	0.001783	0.005581	0.001272	0.000456	0.001671	0.001641	0.001613	-4420.826
594	0.002591	0.009422	0.005884	0.001448	0.004918	0.002209	0.001967	0.001452	0.001386	0.001248	-4454.729
596	0.003225	0.007982	0.005967	0.001448	0.005266	0.001677	0.001449	0.001452	0.001403	0.001248	-4451.159
598	0.003065	0.007369	0.005543	0.002541	0.004473	0.002734	0.001394	0.001452	0.001403	0.001358	-4434.664
600	0.002324	0.006044	0.005588	0.002114	0.005771	0.002839	0.002194	0.001227	0.001184	0.001099	-4441.818
602	0.002560	0.009509	0.007742	0.002707	0.005817	0.002971	0.000153	0.001587	0.001532	0.001527	-4446.423
604	0.004119	0.007094	0.009109	0.001612	0.005890	0.001495	0.001326	0.001587	0.001571	0.001529	-4441.597
606	0.003335	0.011019	0.010405	0.002865	0.006828	0.001280	0.001218	0.001838	0.001815	0.001770	-4420.727
608	0.003630	0.010290	0.010087	0.002366	0.007121	0.002759	0.002066	0.001826	0.001803	0.001699	-4419.990
610	0.003508	0.011577	0.010517	0.001776	0.006211	0.001847	0.000529	0.001826	0.001805	0.001781	-4431.906
612	0.002631	0.009531	0.007317	0.001881	0.005118	0.001031	0.000686	0.001560	0.001558	0.001521	-4447.557
614	0.002371	0.011816	0.007870	0.001603	0.005435	0.000917	0.001206	0.001560	0.001558	0.001521	-4448.784
616	0.002852	0.009574	0.006659	0.001603	0.004737	0.002089	0.000526	0.001560	0.001551	0.001521	-4429.889
618	0.003542	0.011671	0.006073	0.001603	0.004782	0.001807	0.000724	0.001560	0.001551	0.001496	-4438.759
620	0.004252	0.008827	0.007208	0.003422	0.004237	0.001961	0.000550	0.001560	0.001551	0.001477	-4444.449
622	0.004070	0.009721	0.006169	0.004043	0.005532	0.001623	0.000490	0.001560	0.001551	0.001489	-4434.623
624	0.002617	0.007770	0.006171	0.002262	0.005277	0.002634	0.000997	0.001292	0.001284	0.001136	-4449.698
626	0.002999	0.008562	0.007562	0.002075	0.005169	0.001298	0.002170	0.001551	0.001543	0.001365	-4432.972
628	0.002922	0.010149	0.006226	0.003401	0.005849	0.001417	0.002346	0.001551	0.001548	0.001369	-4452.033
630	0.004390	0.009472	0.006229	0.002623	0.004415	0.000673	0.001134	0.001551	0.001548	0.001451	-4439.245
632	0.003867	0.009075	0.008350	0.003646	0.005563	0.001235	0.002515	0.001551	0.001548	0.001298	-4450.882
634	0.004266	0.008996	0.006789	0.002451	0.005858	0.000527	0.003554	0.001551	0.001548	0.001298	-4448.406
636	0.003822	0.007954	0.005940	0.002638	0.005535	0.001434	0.001268	0.001551	0.001548	0.001429	-4463.043
638	0.003762	0.007606	0.006957	0.002606	0.005624	0.001434	0.000512	0.001551	0.001548	0.001534	-4453.578
640	0.004265	0.008617	0.006348	0.002932	0.005112	0.000500	0.000510	0.001672	0.001671	0.001654	-4443.760
642	0.002668	0.008356	0.006828	0.003627	0.004746	0.000508	0.000718	0.001341	0.001340	0.001326	-4438.777
644	0.003372	0.008286	0.006152	0.002650	0.003668	0.000899	0.000443	0.001341	0.001337	0.001326	-4425.691
646	0.003410	0.008935	0.008079	0.003168	0.005899	0.001183	0.000979	0.001580	0.001575	0.001563	-4430.396
648	0.004011	0.009136	0.009316	0.002315	0.003220	0.000656	0.000520	0.001580	0.001577	0.001563	-4439.668
650	0.003164	0.007925	0.008665	0.002236	0.003429	0.001113	0.000493	0.001580	0.001577	0.001563	-4431.346
652	0.002800	0.009297	0.005831	0.002178	0.004164	0.001776	0.000897	0.001580	0.001577	0.001563	-4433.345
654	0.003321	0.008062	0.007493	0.002132	0.004883	0.001776	0.002484	0.001580	0.001577	0.001563	-4421.484
656	0.002763	0.008006	0.005191	0.002579	0.004257	0.001046	0.000862	0.001290	0.001281	0.001276	-4432.253
658	0.002970	0.008761	0.005863	0.002997	0.004048	0.000930	0.001700	0.001582	0.001574	0.001565	-4436.436
660	0.002810	0.007526	0.006633	0.002182	0.004920	0.000878	0.001700	0.001582	0.001574	0.001565	-4441.096
662	0.003597	0.008345	0.006965	0.004364	0.004599	0.001471	0.000709	0.001582	0.001574	0.001565	-4447.041
664	0.004824	0.009611	0.006734	0.003687	0.004700	0.001082	0.000530	0.001582	0.001569	0.001565	-4433.882
666	0.003238	0.009057	0.006882	0.003431	0.004973	0.003168	0.000522	0.001690	0.001578	0.001565	-4437.636
668	0.004060	0.008895	0.008603	0.004356	0.004805	0.001889	0.004272	0.001862	0.001791	0.001742	-4448.981
670	0.003517	0.009118	0.006885	0.003447	0.006032	0.002136	0.001695	0.001613	0.001531	0.001489	-4454.956
672	0.003600	0.007663	0.006573	0.002058	0.004877	0.001753	0.001763	0.001613	0.001560	0.001506	-4441.470
674	0.003779	0.009700	0.006063	0.001819	0.005006	0.001727	0.004042	0.001678	0.001612	0.001506	-4440.423
676	0.003316	0.009714	0.006027	0.003703	0.004034	0.000629	0.000232	0.001495	0.001475	0.001473	-4439.562
678	0.003655	0.010040	0.005702	0.002961	0.003752	0.001721	0.000744	0.001515	0.001475	0.001473	-4439.978
680	0.003277	0.009624	0.005848	0.003279	0.004912	0.000228	0.003020	0.001515	0.001503	0.001473	-4446.175
682	0.002808	0.010180	0.007072	0.002768	0.005131	0.000228	0.003464	0.001515	0.001503	0.001473	-4443.466
684	0.002733	0.009063	0.006179	0.003711	0.004597	0.001660	0.003176	0.001419	0.001393	0.001379	-4424.900
686	0.003041	0.009082	0.007035	0.002663	0.003991	0.001003	0.000593	0.001419	0.001383	0.001379	-4426.024
688	0.003294	0.013378	0.006335	0.003474	0.005360	0.001153	0.001062	0.001652	0.001635	0.001632	-4442.153
690	0.003273	0.011225	0.006382	0.003872	0.005242	0.000514	0.000472	0.001652	0.001636	0.001632	-4442.245
692	0.003541	0.010365	0.005573	0.002046	0.005915	0.002471	0.000944	0.001719	0.001636	0.001632	-4443.138
694	0.004120	0.011232	0.006412	0.004110	0.004761	0.002262	0.002022	0.001719	0.001653	0.001632	-4437.178
696	0.003940	0.011137	0.008235	0.003536	0.005672	0.001238	0.001033	0.001719	0.001652	0.001632	-4440.708
698	0.003849	0.011776	0.009361	0.003678	0.004327	0.001760	0.001121	0.001785	0.001709	0.001695	-4440.129
700	0.003815	0.011167	0.007103	0.002036	0.004402	0.001721	0.000949	0.001787	0.001720	0.001687	-4440.203
702	0.003398	0.008439	0.005705	0.001787	0.003959	0.002413	0.002974	0.001656	0.001573	0.001508	-4437.333
704	0.004012	0.015190	0.006668	0.002107	0.004158	0.004496	0.002659	0.001907	0.001750	0.001703	-4421.952
706	0.003888	0.009913	0.006716	0.002946	0.004030	0.000706	0.002624	0.001493	0.001468	0.001417	-4449.542
708	0.004399	0.009129	0.006448	0.001933	0.003445	0.000430	0.002674	0.001493	0.001483	0.001454	-4457.409
710	0.003509	0.008814	0.005314	0.003217	0.002969	0.002223	0.001166	0.001388	0.001362	0.001352	-4454.674
712	0.002790	0.009281	0.005335	0.003716	0.004088	0.001221	0.002237	0.001388	0.001366	0.001352	-4451.772
714	0.003434	0.011520	0.005371	0.003056	0.003986	0.001228	0.001914	0.001388	0.001369	0.001352	-4459.082
716	0.003110	0.010612	0.007428	0.004069	0.004637	0.005291	0.001955	0.001622	0.001564	0.001558	-4444.245
718	0.003316	0.009419	0.005683	0.002939	0.003025	0.001575	0.003534	0.001316	0.001292	0.001264	-4451.291
720	0.002988	0.009666	0.005641	0.003192	0.004162	0.003245	0.002196	0.001448	0.001400	0.001391	-4453.642
722	0.003198	0.010134	0.005135	0.002882	0.005381	0.000615	0.001705	0.001369	0.001356	0.001354	-4451.436
724	0.004288	0.010498	0.006556	0.003257	0.006592	0.000488	0.000941	0.001538	0.001523	0.001521	-4452.529
726	0.003450	0.010366	0.006587	0.002615	0.006072	0.000641	0.001276	0.001538	0.001523	0.001521	-4437.543
728	0.003982	0.012068	0.005598	0.003266	0.005615	0.000796	0.000630	0.001539	0.001521	0.001521	-4439.832
730	0.003865	0.011691	0.005816	0.004453	0.006936	0.002596	0.000484	0.001552	0.001521	0.001521	-4452.168
732	0.002937	0.009020	0.004260	0.004047	0.004838	0.001502	0.000572	0.001266	0.001242	0.001241	-4447.851
734	0.002529	0.013447	0.004609	0.004008	0.004809	0.000970	0.000576	0.001382	0.001356	0.001355	-4456.744
736	0.002526	0.010968	0.004984	0.002884	0.004707	0.000580	0.001714	0.001398	0.001382	0.001370	-4460.039
738	0.004488	0.010271	0.007545	0.002594	0.004885	0.001383	0.001126	0.001686	0.001660	0.001652	-4442.444
740	0.003440	0.009525	0.006594	0.002493	0.006297	0.001871	0.001423	0.001710	0.001664	0.001652	-4449.727
742	0.003736	0.009067	0.005944	0.002025	0.003791	0.001375	0.001335	0.001445	0.001406	0.001396	-4450.693
744	0.003589	0.009016	0.006093	0.003215	0.004317	0.002433	0.001861	0.001336	0.001300	0.001278	-4454.176
746	0.003918	0.011087	0.006340	0.002708	0.006956	0.003918	0.001096	0.001690	0.001631	0.001617	-4434.615
748	0.004156	0.014307	0.006196	0.002634	0.005874	0.001273	0.002906	0.001866	0.001851	0.001786	-4438.597
750	0.003245	0.008366	0.005701	0.003201	0.004528	0.003448	0.000715	0.001295	0.001243	0.001239	-4451.715
752	0.003164	0.007972	0.005260	0.002544	0.004860	0.002102	0.000534	0.001334	0.001288	0.001284	-4435.746
754	0.004100	0.010204	0.005650	0.002133	0.006010	0.003126	0.000246	0.001520	0.001464	0.001462	-4429.369
756	0.003104	0.006778	0.004353	0.004066	0.004698	0.001833	0.002310	0.001164	0.001138	0.001120	-4461.819
758	0.003079	0.007366	0.004425	0.004066	0.004197	0.000960	0.002097	0.001164	0.001155	0.001120	-4447.258
760	0.003979	0.007819	0.006500	0.004968	0.005380	0.001078	0.001515	0.001398	0.001384	0.001356	-4447.141
762	0.003352	0.008113	0.005863	0.003071	0.007040	0.003824	0.001101	0.001398	0.001384	0.001356	-4443.822
764	0.003517	0.006795	0.005405	0.003164	0.005130	0.002093	0.003191	0.001398	0.001390	0.001298	-4436.321
766	0.003265	0.008802	0.005283	0.002472	0.005229	0.001160	0.000999	0.001398	0.001387	0.001348	-4453.931
768	0.004208	0.010776	0.005890	0.003632	0.005609	0.001499	0.002104	0.001623	0.001613	0.001548	-4442.389
770	0.003889	0.011309	0.005432	0.002451	0.004755	0.004158	0.002362	0.001623	0.001588	0.001548	-4445.654
772	0.003531	0.012645	0.005311	0.002647	0.005751	0.001499	0.000830	0.001623	0.001593	0.001570	-4427.622
774	0.002819	0.009204	0.004704	0.002513	0.004688	0.000761	0.001449	0.001385	0.001373	0.001340	-4437.524
776	0.003783	0.011628	0.005005	0.003432	0.005801	0.001224	0.001978	0.001647	0.001627	0.001594	-4432.173
778	0.002541	0.010630	0.004701	0.002734	0.005532	0.001453	0.000457	0.001583	0.001536	0.001532	-4448.152
780	0.003552	0.008663	0.005535	0.003769	0.004152	0.001661	0.000672	0.001565	0.001534	0.001528	-4443.743
782	0.003480	0.010938	0.004258	0.002723	0.003563	0.002667	0.000699	0.001470	0.001436	0.001426	-4447.689
784	0.003897	0.011779	0.006771	0.003247	0.005176	0.002486	0.000515	0.001640	0.001598	0.001591	-4443.754
786	0.003522	0.009968	0.003975	0.002698	0.005500	0.001535	0.000637	0.001329	0.001295	0.001289	-4446.697
788	0.003876	0.009204	0.004046	0.002420	0.005320	0.003567	0.001426	0.001324	0.001201	0.001180	-4456.280
790	0.003096	0.010016	0.004412	0.002353	0.004607	0.002415	0.000620	0.001380	0.001319	0.001308	-4460.252
792	0.004427	0.011817	0.007024	0.002409	0.007386	0.000749	0.000776	0.001679	0.001670	0.001650	-4445.379
794	0.003204	0.007834	0.004829	0.003739	0.004418	0.000562	0.001732	0.001366	0.001358	0.001342	-4458.356
796	0.003374	0.008101	0.004764	0.002990	0.005344	0.001002	0.000746	0.001366	0.001356	0.001342	-4453.186
798	0.004222	0.007797	0.005826	0.002643	0.005643	0.001118	0.000502	0.001366	0.001356	0.001342	-4455.066
800	0.002651	0.008071	0.005922	0.003799	0.003949	0.000748	0.000425	0.001366	0.001356	0.001342	-4453.669
802	0.003217	0.008364	0.005852	0.002362	0.004588	0.000766	0.000567	0.001366	0.001356	0.001342	-4455.214
804	0.002838	0.010773	0.005188	0.003306	0.005419	0.000869	0.000785	0.001528	0.001511	0.001502	-4446.695
806	0.004021	0.009150	0.005139	0.004019	0.006786	0.001113	0.001148	0.001528	0.001509	0.001502	-4444.178
808	0.003781	0.008363	0.003838	0.002635	0.005203	0.000905	0.000520	0.001249	0.001234	0.001227	-4451.858
810	0.005498	0.009448	0.004333	0.002818	0.005006	0.000742	0.000971	0.001331	0.001321	0.001317	-4455.128
812	0.003843	0.011343	0.005309	0.002486	0.004968	0.001284	0.000629	0.001585	0.001573	0.001569	-4435.125
814	0.004124	0.007444	0.005469	0.002114	0.005600	0.000933	0.000678	0.001384	0.001375	0.001371	-4452.653
816	0.004012	0.010276	0.004522	0.002552	0.005600	0.001535	0.000351	0.001384	0.001372	0.001371	-4441.487
818	0.003757	0.006411	0.004598	0.004153	0.004427	0.001862	0.001674	0.001298	0.001290	0.001285	-4442.469
820	0.002509	0.008338	0.006072	0.004329	0.004921	0.001371	0.001674	0.001298	0.001290	0.001285	-4462.245
822	0.002472	0.006620	0.006359	0.002596	0.005765	0.001009	0.000893	0.001298	0.001291	0.001285	-4455.628
824	0.002723	0.006620	0.006189	0.002945	0.004030	0.000998	0.001050	0.001298	0.001290	0.001285	-4451.260
826	0.003069	0.010243	0.006474	0.003582	0.004320	0.002256	0.000505	0.001548	0.001537	0.001532	-4440.504
828	0.004517	0.008094	0.007569	0.004286	0.005334	0.001143	0.001181	0.001548	0.001537	0.001532	-4443.111
830	0.003161	0.007767	0.006651	0.002324	0.004120	0.001707	0.001425	0.001401	0.001393	0.001387	-4443.002
832	0.003210	0.008263	0.007265	0.001837	0.003920	0.000961	0.000942	0.001401	0.001399	0.001387	-4443.210
834	0.003563	0.011379	0.008048	0.002210	0.004906	0.000643	0.001253	0.001669	0.001663	0.001637	-4442.894
836	0.004601	0.009976	0.007276	0.002112	0.004526	0.000709	0.001533	0.001669	0.001664	0.001637	-4435.356
838	0.002959	0.010323	0.007993	0.003296	0.004908	0.001113	0.001632	0.001669	0.001664	0.001648	-4430.168
840	0.002453	0.010293	0.005508	0.003769	0.005020	0.001063	0.001521	0.001422	0.001421	0.001399	-4452.885
842	0.003392	0.011274	0.006485	0.003836	0.004421	0.000442	0.002644	0.001759	0.001757	0.001729	-4435.381
844	0.003392	0.011799	0.007408	0.003764	0.004389	0.001001	0.001955	0.001759	0.001757	0.001729	-4439.727
846	0.003781	0.010100	0.005686	0.002571	0.003238	0.001413	0.001785	0.001759	0.001752	0.001729	-4436.507
848	0.003128	0.012322	0.005810	0.001772	0.005481	0.003133	0.002940	0.001759	0.001743	0.001670	-4441.791
850	0.002465	0.012430	0.005687	0.002928	0.004040	0.003425	0.002094	0.001759	0.001743	0.001699	-4433.848
852	0.002800	0.012430	0.006130	0.002832	0.004187	0.002162	0.002532	0.001759	0.001730	0.001699	-4443.319
854	0.002540	0.014071	0.005299	0.002062	0.003889	0.002186	0.001597	0.001790	0.001762	0.001730	-4450.439
856	0.002256	0.014748	0.006409	0.002275	0.005612	0.002495	0.000892	0.001790	0.001732	0.001711	-4438.893
858	0.002824	0.013953	0.006091	0.002471	0.004701	0.002517	0.001434	0.001795	0.001757	0.001720	-4442.584
860	0.003220	0.012081	0.006387	0.002323	0.005203	0.001083	0.000797	0.001770	0.001746	0.001720	-4434.457
862	0.002563	0.011017	0.006007	0.002437	0.005762	0.001531	0.001440	0.001759	0.001745	0.001626	-4425.475
864	0.002303	0.009118	0.005562	0.002328	0.005629	0.001065	0.002325	0.001759	0.001745	0.001586	-4435.509
866	0.002959	0.010697	0.005943	0.002003	0.004986	0.000979	0.004505	0.001759	0.001745	0.001586	-4443.930
868	0.002478	0.008856	0.005252	0.002591	0.003299	0.002485	0.001169	0.001759	0.001729	0.001691	-4441.479
870	0.002870	0.009526	0.006529	0.002354	0.003759	0.002219	0.001129	0.001759	0.001733	0.001691	-4447.672
872	0.003413	0.012086	0.004856	0.003391	0.003746	0.005215	0.000889	0.001759	0.001716	0.001691	-4436.203
874	0.003439	0.009432	0.007140	0.003384	0.005248	0.003216	0.001632	0.001759	0.001716	0.001588	-4432.612
876	0.002868	0.011073	0.006097	0.003730	0.006135	0.002183	0.001946	0.001759	0.001716	0.001588	-4427.127
878	0.002847	0.011049	0.006502	0.002442	0.005800	0.001637	0.001282	0.001759	0.001717	0.001652	-4420.822
880	0.003179	0.010432	0.005770	0.002469	0.004450	0.002441	0.001231	0.001635	0.001597	0.001524	-4440.517
882	0.002730	0.010106	0.005345	0.002480	0.004041	0.002460	0.001391	0.001516	0.001462	0.001368	-4425.894
884	0.002618	0.008228	0.006850	0.002529	0.003570	0.002623	0.003039	0.001516	0.001474	0.001231	-4431.210
886	0.003305	0.008903	0.007490	0.002944	0.003886	0.001259	0.001724	0.001516	0.001474	0.001328	-4424.307
888	0.003356	0.007209	0.006516	0.002081	0.004641	0.000767	0.001372	0.001516	0.001502	0.001435	-4425.020
890	0.003899	0.009905	0.007525	0.004021	0.005907	0.000698	0.001535	0.001823	0.001815	0.001726	-4427.272
892	0.003475	0.009815	0.006128	0.002938	0.006982	0.000373	0.001513	0.001823	0.001815	0.001768	-4431.030
894	0.003070	0.008423	0.007025	0.002083	0.004526	0.001071	0.001264	0.001823	0.001809	0.001756	-4433.335
896	0.003456	0.008874	0.007337	0.002694	0.004208	0.000721	0.001275	0.001803	0.001777	0.001756	-4423.796
898	0.004672	0.007776	0.006537	0.001538	0.003922	0.000916	0.000587	0.001803	0.001781	0.001756	-4445.119
900	0.004372	0.010138	0.007701	0.001538	0.003576	0.000991	0.000400	0.001803	0.001771	0.001756	-4434.696
902	0.003236	0.008297	0.007756	0.002317	0.003806	0.001722	0.002577	0.001817	0.001769	0.001604	-4443.147
904	0.003688	0.009048	0.007266	0.002151	0.003644	0.003033	0.000621	0.001817	0.001711	0.001670	-4448.515
906	0.003762	0.009084	0.006347	0.003491	0.004550	0.001509	0.002652	0.001817	0.001789	0.001692	-4432.828
908	0.004340	0.009148	0.007527	0.001999	0.003791	0.000793	0.000942	0.001803	0.001789	0.001748	-4432.493
910	0.004033	0.008030	0.007307	0.001999	0.003506	0.001375	0.001344	0.001803	0.001790	0.001748	-4446.539
912	0.002443	0.007332	0.008038	0.001976	0.004030	0.000986	0.002605	0.001809	0.001796	0.001734	-4441.887
914	0.003512	0.007791	0.008977	0.003662	0.005379	0.001117	0.003436	0.001809	0.001796	0.001734	-4439.279
916	0.003451	0.007716	0.006231	0.003370	0.003762	0.001883	0.001243	0.001489	0.001477	0.001428	-4429.075
918	0.003069	0.007024	0.005919	0.003370	0.003479	0.001242	0.002604	0.001489	0.001477	0.001428	-4442.368
920	0.004829	0.009833	0.008452	0.003364	0.003254	0.000428	0.002724	0.001917	0.001914	0.001833	-4431.746
922	0.002890	0.010272	0.007078	0.004010	0.003836	0.000756	0.003204	0.001859	0.001856	0.001777	-4423.590
924	0.003267	0.012683	0.007039	0.004594	0.003313	0.000676	0.002363	0.001812	0.001809	0.001752	-4417.952
926	0.002709	0.008678	0.006422	0.001968	0.003685	0.000494	0.002446	0.001560	0.001558	0.001481	-4426.288
928	0.002937	0.011608	0.008239	0.002870	0.003820	0.002064	0.002917	0.001878	0.001860	0.001742	-4415.033
930	0.002318	0.009977	0.006689	0.003145	0.003051	0.000949	0.001877	0.001587	0.001572	0.001472	-4428.864
932	0.002957	0.011049	0.007662	0.002522	0.002620	0.001569	0.000501	0.001587	0.001559	0.001522	-4431.041
934	0.002343	0.008885	0.007038	0.002032	0.003852	0.001848	0.001619	0.001551	0.001541	0.001417	-4429.050
936	0.002556	0.010363	0.006933	0.003387	0.003647	0.001567	0.002148	0.001611	0.001601	0.001478	-4439.332
938	0.002868	0.010773	0.005883	0.002913	0.003953	0.002073	0.000305	0.001611	0.001601	0.001594	-4445.238
940	0.004734	0.009542	0.008271	0.003666	0.006963	0.001969	0.001968	0.002041	0.002028	0.001983	-4437.709
942	0.003371	0.008443	0.006308	0.002150	0.005128	0.003163	0.002584	0.001648	0.001638	0.001601	-4437.767
944	0.002537	0.009265	0.006717	0.002376	0.005073	0.003163	0.002584	0.001648	0.001638	0.001601	-4438.522
946	0.003332	0.008525	0.006018	0.002599	0.006476	0.003163	0.003188	0.001648	0.001638	0.001601	-4420.619
948	0.002836	0.007117	0.005486	0.001908	0.004551	0.002100	0.000644	0.001336	0.001326	0.001304	-4435.040
950	0.003033	0.007375	0.005372	0.002135	0.004524	0.001865	0.001604	0.001336	0.001326	0.001304	-4422.671
952	0.003954	0.009120	0.006410	0.003547	0.005819	0.001594	0.000899	0.001631	0.001619	0.001592	-4425.760
954	0.002797	0.010006	0.007152	0.002306	0.005336	0.001766	0.001546	0.001631	0.001623	0.001595	-4429.715
956	0.003545	0.011226	0.008384	0.002781	0.006176	0.001182	0.001144	0.001682	0.001675	0.001645	-4426.251
958	0.002678	0.008295	0.007085	0.002404	0.004572	0.002556	0.003313	0.001682	0.001675	0.001547	-4428.572
960	0.002769	0.008453	0.008043	0.002568	0.006109	0.001919	0.003137	0.001874	0.001865	0.001623	-4435.026
962	0.003059	0.009323	0.007717	0.003024	0.005795	0.001265	0.001264	0.001874	0.001865	0.001733	-4430.455
964	0.002673	0.006387	0.006305	0.003075	0.004261	0.001721	0.001813	0.001482	0.001475	0.001370	-4439.320
966	0.002558	0.006571	0.006104	0.002057	0.004772	0.001805	0.001749	0.001646	0.001638	0.001522	-4448.851
968	0.002315	0.008887	0.004952	0.003194	0.004167	0.002469	0.001137	0.001646	0.001638	0.001567	-4448.650
970	0.002574	0.008663	0.005946	0.002427	0.004402	0.001916	0.000604	0.001646	0.001638	0.001601	-4446.591
972	0.002976	0.008988	0.006280	0.002478	0.004249	0.001094	0.002504	0.001646	0.001628	0.001453	-4448.534
974	0.002833	0.008381	0.005458	0.002123	0.003956	0.001827	0.000629	0.001646	0.001628	0.001596	-4450.506
976	0.002491	0.010503	0.008471	0.002951	0.003498	0.001128	0.000846	0.001941	0.001920	0.001883	-4426.118
978	0.002324	0.008683	0.006756	0.002894	0.003495	0.002654	0.000847	0.001731	0.001722	0.001636	-4434.199
980	0.003476	0.009466	0.006416	0.002819	0.004149	0.000650	0.000310	0.001731	0.001728	0.001696	-4427.604
982	0.004194	0.010192	0.006262	0.002428	0.003433	0.000919	0.001430	0.001767	0.001764	0.001652	-4431.307
984	0.002386	0.010683	0.005944	0.002809	0.005436	0.000995	0.000561	0.001777	0.001774	0.001735	-4444.822
986	0.003730	0.010516	0.006697	0.002848	0.004781	0.002397	0.000395	0.001777	0.001774	0.001735	-4436.954
988	0.003536	0.011706	0.006221	0.003222	0.004646	0.002731	0.000978	0.001777	0.001774	0.001713	-4430.188
990	0.002942	0.011388	0.007465	0.002594	0.003976	0.001133	0.001366	0.001777	0.001774	0.001713	-4425.486
992	0.003986	0.011967	0.006148	0.003350	0.004341	0.000543	0.000997	0.001777	0.001776	0.001713	-4421.855
994	0.002807	0.009407	0.006338	0.002443	0.003932	0.001281	0.001708	0.001588	0.001586	0.001525	-4409.781
996	0.004015	0.008138	0.005624	0.003180	0.004924	0.000930	0.001195	0.001588	0.001586	0.001529	-4424.264
998	0.003538	0.010906	0.007474	0.002618	0.005256	0.000978	0.001267	0.001797	0.001795	0.001731	-4432.232
1000	0.002525	0.007507	0.005300	0.003780	0.004679	0.000618	0.000961	0.001514	0.001514	0.001459	-4441.712
